 552.79054 16.836 0.011
 553.85897 16.841 0.010
 554.85167 16.787 0.011
 555.79571 16.879 0.013
 557.70264 16.927 0.015
 557.79228 16.776 0.013
 557.88212 16.937 0.014
 558.74781 16.903 0.014
 558.88381 16.957 0.013
 559.69800 16.862 0.018
 560.67696 16.925 0.015
 560.76742 16.786 0.013
 560.88032 17.001 0.016
 561.67600 16.784 0.013
 561.80429 16.969 0.013
 561.87373 16.869 0.013
 562.71618 17.000 0.017
 562.80036 16.810 0.013
 562.89108 16.839 0.015
 563.80747 16.889 0.012
 563.89488 17.025 0.017
 567.71596 16.970 0.012
 567.84528 16.802 0.013
 568.71465 16.852 0.013
 568.79942 16.782 0.011
 569.68090 16.774 0.011
 570.67488 16.960 0.014
 570.85438 16.775 0.012
 570.88461 16.767 0.011
 570.89692 16.779 0.014
 571.65624 16.907 0.017
 571.77592 16.773 0.011
 571.88977 16.950 0.013
 572.72369 16.837 0.013
 572.86026 16.869 0.014
 573.65074 16.964 0.015
 573.82598 16.753 0.010
 574.67273 16.820 0.012
 574.76310 16.800 0.012
 575.86056 16.814 0.013
 576.67678 17.005 0.015
 576.81796 16.800 0.011
 576.92397 16.903 0.014
 577.83029 16.959 0.013
 578.67812 16.894 0.012
 581.65004 16.850 0.013
 581.86964 16.747 0.011
 582.66320 16.911 0.016
 582.88017 16.971 0.015
 583.65818 16.768 0.011
 583.76788 16.980 0.013
 583.90293 16.794 0.013
 587.67335 16.977 0.015
 588.65621 16.812 0.013
 588.77399 16.861 0.014
 588.92990 16.906 0.013
 590.67469 16.991 0.023
 590.75559 16.756 0.019
 599.66728 16.789 0.012
 600.65331 16.843 0.012
 600.79279 17.016 0.013
 601.72361 16.866 0.011
 601.92533 16.984 0.016
 605.58582 16.839 0.019
 605.91480 16.776 0.018
 605.94272 16.755 0.018
 606.58572 16.823 0.011
 606.72491 17.011 0.012
 606.89871 16.824 0.013
 607.57881 16.989 0.013
 607.69898 16.818 0.011
 607.85563 16.976 0.013
 608.57394 16.823 0.012
 608.69081 16.850 0.011
 608.84729 16.883 0.012
 614.59559 16.776 0.012
 614.78483 16.930 0.013
 615.57589 16.970 0.013
 615.67048 16.966 0.012
 615.76545 16.771 0.012
 615.88436 16.951 0.013
 615.93467 16.936 0.020
 616.57626 16.902 0.013
 616.69446 16.796 0.011
 616.78989 16.952 0.014
 616.88558 16.853 0.015
 622.78604 16.991 0.015
 623.66047 17.030 0.013
 623.79983 16.761 0.012
 624.57741 16.981 0.014
 624.67306 16.778 0.011
 624.74744 16.842 0.012
 625.58738 16.790 0.012
 625.68677 16.930 0.014
 626.56858 16.946 0.013
 626.64308 16.998 0.013
 626.78271 16.761 0.011
 627.80503 16.991 0.017
 628.62181 16.879 0.012
 628.72165 17.007 0.014
 628.83065 16.774 0.015
 629.59171 16.981 0.014
 629.71187 16.758 0.012
 630.56161 16.858 0.013
 631.63903 16.952 0.012
 631.73524 16.926 0.013
 632.62977 16.903 0.014
 632.72183 16.784 0.011
 633.60893 16.798 0.011
 635.67851 16.773 0.013
 643.55294 16.954 0.015
 643.64813 16.835 0.014
 645.56640 16.909 0.013
 649.50712 16.967 0.017
 652.55237 16.905 0.013
 653.69380 17.021 0.016
 655.71961 16.941 0.012
 656.59382 16.901 0.011
 657.59056 16.971 0.013
 658.59744 16.799 0.013
 663.53699 16.959 0.014
 665.56421 16.992 0.012
 666.50049 16.983 0.015
 667.53659 16.784 0.010
 669.49921 16.928 0.012
 670.66761 16.967 0.015
 671.50246 16.961 0.017
 673.64000 16.934 0.016
 684.48928 16.817 0.011
 685.48010 16.952 0.013
 686.53199 16.790 0.011
 687.52518 16.932 0.012
 688.50569 16.984 0.014
 689.49058 16.783 0.011
 694.49555 16.837 0.015
 697.49683 16.810 0.013
 698.49238 16.855 0.012
 699.48890 17.015 0.013
 700.50471 16.784 0.011
 701.48852 16.927 0.021
 704.50627 16.958 0.017
 708.57662 16.818 0.013
 713.49775 16.936 0.013
 720.50169 16.912 0.011
 728.60783 16.936 0.016
 742.55382 16.904 0.018
 753.51693 16.927 0.014
 857.87745 16.883 0.018
 877.88796 16.942 0.012
 878.84066 16.830 0.010
 890.88580 16.902 0.013
 896.81407 16.866 0.010
 900.81330 16.974 0.011
 918.82322 16.862 0.012
 924.88350 16.971 0.015
 928.88359 16.773 0.013
 930.80617 17.016 0.014
 933.78653 16.952 0.016
 934.83760 16.774 0.013
 936.82991 16.810 0.011
 937.77300 16.792 0.012
 939.73367 17.007 0.015
 941.70764 16.842 0.012
 950.68482 16.956 0.015
 951.75537 16.762 0.012
 952.72210 16.873 0.011
 953.73604 16.891 0.014
 954.74128 16.770 0.013
 961.77735 16.934 0.014
 962.70265 16.807 0.012
 963.70965 16.883 0.013
 964.77781 16.809 0.011
 965.67984 16.839 0.013
 966.65561 16.791 0.011
 970.82510 16.820 0.015
 984.70253 16.807 0.012
 985.60647 16.817 0.011
 988.80967 16.954 0.018
 990.66653 16.818 0.011
 991.66440 16.880 0.012
 995.73385 16.780 0.015
 998.75695 16.805 0.013
1006.71598 16.798 0.016
1006.72416 16.794 0.015
1011.75951 16.813 0.012
1021.65056 16.783 0.013
1026.61025 16.829 0.013
1035.55137 16.804 0.014
1036.59610 16.946 0.013
1037.58747 16.963 0.014
1038.63415 16.818 0.016
1040.51735 17.003 0.015
1041.53379 16.787 0.013
1043.56366 16.849 0.014
1045.51202 16.924 0.013
1046.51929 16.946 0.012
1047.55341 16.860 0.017
1048.53270 17.020 0.015
1051.57929 16.851 0.016
1053.61542 16.987 0.015
1054.50778 17.002 0.014
1060.52758 16.798 0.015
1061.51608 16.819 0.014
1064.51972 16.887 0.016
1065.48710 17.041 0.015
1069.63174 16.955 0.016
1074.53113 16.770 0.014
1077.58427 16.852 0.014
1080.49640 16.800 0.014
1087.54576 16.944 0.015
1090.55344 16.826 0.015
1092.59609 16.978 0.019
1105.56431 16.919 0.015
1107.52407 16.786 0.014
1113.56408 16.892 0.020
1119.50990 16.822 0.017
1220.86113 16.820 0.019
1225.84279 16.861 0.015
1237.86142 16.888 0.017
1242.79884 16.815 0.020
1252.79465 16.993 0.019
1255.84820 16.893 0.017
1259.81181 16.819 0.013
1264.89502 16.871 0.014
1272.86844 16.805 0.014
1279.88329 17.049 0.017
1289.78064 16.840 0.013
1291.86317 16.836 0.012
1295.75928 16.801 0.013
1296.87521 16.948 0.013
1297.82672 16.744 0.013
1298.91985 16.980 0.016
1299.86641 16.858 0.016
1305.79665 16.917 0.015
1306.67559 17.000 0.016
1307.89210 16.863 0.015
1310.81602 17.021 0.013
1312.77065 16.845 0.012
1313.89176 16.783 0.012
1315.78207 16.967 0.015
1316.70729 16.983 0.014
1317.78755 16.792 0.014
1318.77558 16.930 0.016
1318.87122 16.904 0.015
1319.80857 16.823 0.013
1319.88007 16.800 0.015
1320.65927 16.991 0.016
1320.90543 17.012 0.015
1321.68375 16.874 0.014
1321.87725 16.849 0.016
1323.82251 16.896 0.018
1327.76107 16.989 0.017
1332.81398 17.045 0.017
1335.71507 16.953 0.014
1338.76277 17.025 0.016
1340.66139 16.772 0.012
1342.61702 17.048 0.014
1346.67509 16.874 0.013
1347.70511 16.982 0.015
1348.73845 16.832 0.013
1349.75232 16.990 0.015
1350.78001 16.796 0.011
1354.62969 16.792 0.014
1355.60454 16.902 0.017
1365.66908 16.812 0.013
1366.61557 16.933 0.015
1367.68274 16.817 0.015
1368.63148 16.815 0.011
1368.81124 16.990 0.017
1369.57566 16.896 0.016
1369.73256 16.867 0.013
1370.57235 17.028 0.017
1374.71830 16.970 0.018
1375.64201 17.002 0.014
1394.58560 16.951 0.015
1395.56423 17.014 0.014
1397.71338 16.784 0.014
1398.56754 16.906 0.012
1399.58968 16.854 0.013
1400.59641 17.002 0.014
1401.55451 16.812 0.014
1402.54727 16.863 0.013
1403.61734 16.930 0.014
1404.55068 16.838 0.013
1407.56861 16.786 0.014
1408.54581 16.954 0.013
1410.55800 16.812 0.018
1415.55276 16.812 0.015
1416.53303 16.868 0.013
1418.51378 16.840 0.014
1430.60350 17.002 0.017
1433.50953 16.927 0.014
1436.60997 16.991 0.014
1441.51533 16.857 0.020
1443.50962 16.800 0.015
1447.53593 16.999 0.020
1449.53580 16.854 0.014
1454.53381 16.781 0.016
1459.51217 16.984 0.017
1479.50670 16.813 0.021
1595.85949 16.926 0.016
1596.88317 16.921 0.018
1597.86359 16.801 0.016
1597.87369 16.782 0.015
1599.89004 16.826 0.017
1600.88260 16.895 0.016
1609.82215 16.897 0.015
1612.86432 17.016 0.019
1616.89632 16.773 0.013
1618.83273 17.021 0.016
1621.78394 17.029 0.021
1623.79580 16.906 0.015
1625.84533 16.847 0.015
1627.80510 16.942 0.017
1630.88717 16.798 0.017
1633.77902 16.850 0.013
1644.90036 16.933 0.013
1646.84990 16.840 0.014
1652.81594 16.821 0.014
1653.80452 16.844 0.012
1655.90788 16.884 0.014
1661.85247 16.895 0.013
1662.90042 16.866 0.012
1663.81791 16.833 0.012
1665.73017 16.897 0.017
1666.82144 16.794 0.011
1667.86568 16.999 0.015
1668.87938 16.834 0.012
1670.74795 16.858 0.012
1671.84196 16.846 0.012
1674.80273 16.850 0.013
1676.78442 17.023 0.013
1681.82482 16.992 0.017
1682.82743 16.870 0.016
1687.84718 16.987 0.019
1692.66517 16.808 0.012
1693.76722 17.010 0.014
1695.84664 17.023 0.013
1698.70182 16.820 0.016
1700.86796 17.010 0.015
1702.69250 17.039 0.014
1703.84933 17.014 0.015
1705.69072 16.962 0.016
1706.71184 16.855 0.013
1709.63366 16.814 0.013
1717.66456 16.803 0.010
1721.73936 17.003 0.017
1722.64622 16.991 0.013
1725.66526 16.817 0.014
1725.70464 16.814 0.012
1726.61360 16.829 0.012
1728.65771 16.796 0.014
1729.63316 16.888 0.011
1730.60432 16.993 0.015
1731.51939 17.004 0.017
1732.67180 17.002 0.014
1742.66318 16.812 0.012
1743.64012 16.952 0.013
1744.72246 16.738 0.016
1745.65026 16.804 0.012
1748.57560 16.790 0.015
1749.51647 16.814 0.013
1750.65964 16.793 0.013
1751.57660 16.807 0.011
1752.61239 16.954 0.015
1754.60660 16.892 0.014
1755.62114 17.002 0.016
1756.55902 16.918 0.012
1757.59646 16.921 0.013
1758.60315 17.020 0.014
1759.53193 16.927 0.012
1760.58146 16.962 0.013
1761.54849 17.036 0.015
1762.54581 16.801 0.011
1763.49980 16.868 0.012
1764.58948 16.865 0.012
1765.59260 16.838 0.016
1769.56345 17.025 0.015
1771.56548 16.777 0.022
1772.57560 17.023 0.014
1773.59012 16.837 0.012
1775.59097 16.882 0.013
1776.58623 16.866 0.012
1777.60068 17.035 0.015
1783.60118 16.958 0.013
1784.59088 16.808 0.013
1785.59025 16.949 0.015
1787.58536 16.892 0.014
1788.55426 16.952 0.017
1790.56783 16.824 0.013
1803.51522 16.995 0.015
1806.56518 16.802 0.013
1809.57452 16.807 0.011
1811.58269 16.793 0.017
1814.53117 16.890 0.013
1816.51880 16.976 0.016
1818.50100 16.810 0.014
1824.54382 16.963 0.017
1829.52931 16.874 0.016
1834.51052 16.813 0.013
1843.51214 16.914 0.014
1848.52878 16.793 0.017
2125.61710 16.800 0.020
2129.69151 16.988 0.015
2132.63307 17.011 0.016
2136.53720 16.914 0.018
2141.54891 17.015 0.015
2144.63908 16.777 0.013
2160.60661 16.978 0.018
2211.50155 16.849 0.024
2347.83310 16.939 0.017
2357.86063 16.798 0.014
2372.84851 16.991 0.017
2383.81116 16.959 0.016
2388.79100 16.800 0.016
2397.69809 16.816 0.015
2401.82974 16.775 0.014
2403.90672 16.790 0.014
2405.89412 17.017 0.020
2414.89346 16.791 0.017
2416.85139 16.984 0.018
2424.81876 16.914 0.018
2428.84738 16.825 0.017
2432.86085 16.836 0.024
2434.74572 16.995 0.016
2436.79442 17.013 0.017
2438.75519 16.804 0.016
2441.73288 16.829 0.013
2445.63929 16.890 0.015
2448.65746 16.923 0.029
2455.69702 16.859 0.013
2459.61703 16.989 0.013
2463.54835 16.990 0.019
2466.64456 16.718 0.016
2468.67485 16.864 0.013
2470.65719 16.938 0.015
2472.68536 16.890 0.015
2481.56470 16.755 0.018
2484.62727 16.946 0.019
2486.71924 16.979 0.022
2490.68743 16.846 0.018
2493.64898 16.869 0.016
2495.74759 16.830 0.018
2498.51445 16.813 0.012
2499.47587 16.923 0.017
2500.48648 16.861 0.016
2500.55895 16.787 0.013
2501.48107 16.769 0.018
2502.49242 16.993 0.018
2502.57015 16.876 0.015
2503.47314 16.814 0.037
2508.48357 17.005 0.019
2508.67045 16.891 0.019
2512.61682 17.011 0.020
2517.57069 16.836 0.017
2520.58605 16.969 0.016
2528.49129 16.770 0.017
2538.49773 17.007 0.019
2542.52502 16.830 0.017
2552.49897 17.008 0.021
2563.49754 17.001 0.019
2575.52602 16.831 0.020
2707.86703 16.874 0.014
2714.90635 16.812 0.013
2729.84030 16.805 0.016
2733.92049 16.757 0.017
2744.91804 16.806 0.013
2753.89295 16.804 0.016
2757.80446 16.834 0.015
2761.82156 16.965 0.017
2767.79686 16.815 0.018
2775.72593 17.008 0.022
2783.82991 16.942 0.016
2785.75551 16.832 0.016
2787.60584 16.975 0.020
2789.76255 16.999 0.016
2791.71899 16.867 0.016
2794.93383 16.768 0.017
2796.83267 16.958 0.015
2797.89390 16.743 0.013
2809.72175 16.798 0.017
2811.64610 16.858 0.018
2812.72061 16.784 0.015
2813.82989 16.975 0.018
2814.75341 16.906 0.017
2816.61806 16.780 0.014
2820.79598 16.785 0.016
2826.75946 16.825 0.012
2835.64360 16.725 0.018
2839.71283 16.879 0.019
2841.72214 16.937 0.017
2843.64864 16.787 0.015
2845.65931 16.979 0.018
2850.52730 16.806 0.014
2852.53967 16.784 0.019
2854.54339 17.029 0.019
2856.73377 16.784 0.020
2858.68638 16.935 0.027
2862.59907 16.960 0.021
2865.70264 16.788 0.016
2868.58885 16.897 0.015
2879.63543 16.759 0.014
2884.66577 16.785 0.016
2892.65412 16.883 0.024
2895.62782 16.962 0.017
2900.55607 16.889 0.018
2906.50795 16.931 0.020
2911.53215 16.827 0.017
2918.55613 16.798 0.018
2930.57528 16.806 0.021
3051.88680 16.880 0.020
3064.82169 16.925 0.019
3067.89512 16.800 0.013
3070.85666 16.793 0.018
3073.81211 16.772 0.015
3075.85079 16.817 0.015
3079.89533 16.977 0.018
3079.91117 16.997 0.021
3080.82744 16.972 0.016
3080.87253 16.931 0.015
3080.89626 16.855 0.013
3080.90975 16.836 0.014
3081.79722 16.820 0.015
3081.84116 16.782 0.012
3081.91281 16.853 0.019
3082.84337 16.967 0.015
3082.88252 16.973 0.014
3083.80691 17.048 0.015
3083.86835 16.820 0.013
3084.78460 16.797 0.014
3084.86729 16.836 0.012
3085.78834 16.912 0.014
3085.85863 17.012 0.016
3086.84025 16.855 0.012
3088.79775 16.962 0.013
3089.90698 16.800 0.012
3091.82721 17.026 0.015
3096.86532 16.972 0.017
3098.85277 16.847 0.012
3100.80630 16.890 0.014
3103.77757 16.871 0.015
3108.77013 17.020 0.014
3109.80230 16.776 0.012
3110.83670 16.979 0.016
3112.79505 16.780 0.012
3113.87598 16.918 0.013
3114.78685 16.844 0.012
3115.87032 16.970 0.014
3116.92578 16.782 0.015
3122.91284 16.813 0.016
3125.87316 16.746 0.016
3126.89877 16.991 0.016
3127.80962 16.987 0.017
3128.82265 16.786 0.013
3130.70056 16.944 0.017
3134.82220 16.806 0.015
3135.90191 16.821 0.015
3138.70364 16.887 0.016
3139.88091 16.853 0.014
3140.88069 17.027 0.016
3142.76893 16.798 0.013
3144.78990 16.953 0.015
3146.81256 16.971 0.017
3151.75252 16.795 0.015
3151.90520 16.979 0.017
3152.75662 17.026 0.018
3153.76052 16.793 0.016
3154.82208 16.957 0.018
3156.84177 16.876 0.016
3158.91588 16.798 0.021
3162.81676 16.933 0.016
3163.62966 16.793 0.013
3163.65141 16.788 0.012
3164.73902 16.800 0.013
3165.75915 16.886 0.012
3166.90431 16.688 0.019
3168.75235 16.905 0.014
3169.72865 16.973 0.016
3170.80575 16.822 0.012
3171.82850 16.976 0.012
3172.75544 16.879 0.012
3174.71241 16.929 0.013
3175.72170 16.923 0.014
3177.75889 16.983 0.021
3178.78541 16.757 0.011
3179.79515 16.980 0.015
3180.72405 17.026 0.014
3182.77501 16.970 0.015
3183.74360 16.933 0.016
3184.70142 16.772 0.012
3185.75408 16.980 0.016
3193.53962 17.038 0.016
3194.59822 16.880 0.016
3195.64553 16.911 0.012
3195.80321 16.891 0.014
3196.54866 16.886 0.015
3197.51617 16.770 0.013
3199.62603 16.805 0.014
3201.51783 17.024 0.014
3202.57222 16.782 0.012
3203.66177 16.954 0.015
3204.65608 16.785 0.013
3205.76972 16.862 0.013
3206.72056 16.718 0.015
3210.54802 16.791 0.015
3211.58637 16.968 0.015
3217.65498 16.878 0.018
3218.65338 16.766 0.016
3219.60924 16.818 0.020
3223.65456 16.698 0.017
3224.70008 16.939 0.015
3228.60383 16.977 0.018
3229.63630 16.789 0.013
3230.66988 16.965 0.015
3238.62228 16.889 0.016
3239.70096 16.801 0.016
3240.68209 16.799 0.018
3241.65702 16.977 0.017
3245.55687 16.999 0.018
3246.66059 16.847 0.020
3247.62676 16.935 0.018
3249.52877 16.754 0.015
3250.66144 16.841 0.016
3253.52921 16.967 0.016
3256.63849 16.757 0.016
3267.53456 17.016 0.016
3267.58718 16.925 0.015
3268.55269 16.766 0.014
3272.58998 16.950 0.017
3275.57296 16.897 0.018
3278.60182 16.892 0.016
3282.57586 16.733 0.010
3288.54839 16.757 0.014
3293.51903 16.757 0.011
3295.52921 17.002 0.010
3314.50326 16.927 0.025
3408.89305 16.723 0.020
3414.86864 16.775 0.016
3421.90025 16.994 0.014
3422.87458 16.764 0.012
3426.86572 16.983 0.016
3429.85652 16.973 0.018
3432.89116 16.991 0.018
3442.89366 16.923 0.013
3445.80640 16.794 0.011
3447.85704 16.740 0.013
3449.86967 16.900 0.012
3452.89025 16.790 0.011
3455.82450 16.820 0.018
3457.85803 17.005 0.014
3459.85318 16.955 0.014
3467.88304 16.962 0.013
3468.79160 16.967 0.014
3468.86544 17.014 0.013
3468.91501 16.846 0.012
3469.78897 16.928 0.013
3470.80188 16.806 0.011
3471.92829 16.734 0.018
3472.76436 16.938 0.014
3473.78413 16.840 0.014
3474.78079 16.967 0.016
3475.80638 16.782 0.012
3476.90635 16.975 0.012
3477.76819 17.001 0.015
3479.76705 16.943 0.012
3480.72717 17.013 0.014
3481.74511 16.761 0.011
3482.72186 16.884 0.014
3496.72465 16.928 0.015
3497.79621 16.780 0.013
3498.92050 16.853 0.018
3499.86734 16.794 0.012
3500.73356 16.839 0.013
3501.66786 16.802 0.014
3501.72784 16.806 0.012
3502.62798 16.857 0.015
3503.63626 17.035 0.016
3504.66647 16.712 0.015
3506.73149 16.777 0.011
3506.87247 17.005 0.014
3508.66022 16.992 0.020
3508.82289 16.784 0.013
3509.60582 17.003 0.019
3510.75895 17.044 0.014
3510.92411 16.774 0.012
3511.59580 16.978 0.023
3511.61492 16.982 0.022
3511.64734 17.035 0.016
3511.68168 17.008 0.015
3511.68483 17.045 0.015
3511.73442 16.829 0.014
3511.76343 16.787 0.013
3511.79170 16.782 0.011
3511.82381 16.802 0.012
3511.86557 16.904 0.014
3511.89476 16.988 0.015
3511.93323 17.019 0.015
3512.59729 16.959 0.021
3512.63626 16.812 0.018
3512.68902 16.829 0.014
3512.72077 16.847 0.016
3512.75653 16.903 0.015
3512.80402 16.992 0.016
3512.84434 16.979 0.019
3512.88316 16.962 0.016
3512.93246 16.809 0.014
3517.63912 16.981 0.021
3517.69294 16.754 0.022
3517.78536 16.855 0.014
3520.58893 17.069 0.018
3520.65852 16.815 0.013
3520.76641 16.851 0.014
3520.86005 16.991 0.016
3520.91701 16.885 0.018
3521.61400 16.781 0.013
3521.72315 16.981 0.012
3521.85065 16.803 0.013
3522.58631 16.938 0.014
3522.69845 16.991 0.013
3522.71928 16.882 0.011
3522.75112 16.787 0.011
3522.92453 16.931 0.015
3522.94235 16.984 0.017
3523.60753 16.913 0.016
3523.68553 16.746 0.012
3523.75631 16.898 0.011
3523.84705 16.955 0.017
3524.58130 16.771 0.012
3524.61032 16.804 0.012
3524.66312 16.891 0.013
3524.75557 16.992 0.015
3524.80798 16.853 0.014
3524.87994 16.766 0.013
3525.57197 16.965 0.017
3525.64512 16.994 0.013
3525.75447 16.789 0.011
3525.81323 16.821 0.013
3525.92114 16.996 0.017
3526.65870 16.761 0.014
3526.75743 16.905 0.013
3526.87898 16.875 0.014
3526.94529 16.710 0.021
3527.59253 16.847 0.013
3527.71672 17.016 0.012
3527.82177 16.781 0.013
3527.87458 16.799 0.015
3527.92177 16.846 0.019
3528.56114 16.952 0.017
3528.67837 16.841 0.012
3528.79617 16.823 0.014
3528.92649 16.993 0.020
3529.57218 16.843 0.015
3529.70064 16.850 0.010
3529.86606 16.789 0.012
3530.56135 16.856 0.014
3530.61577 16.952 0.012
3530.68957 17.044 0.013
3530.78452 16.785 0.011
3530.85065 16.804 0.010
3533.59907 16.934 0.013
3536.87278 17.006 0.013
3537.67878 16.843 0.013
3538.61228 16.873 0.013
3539.61917 17.005 0.018
3540.65559 16.811 0.013
3541.78595 16.809 0.013
3542.84134 16.950 0.030
3544.62268 16.978 0.018
3546.84966 16.730 0.018
3547.81395 16.716 0.016
3549.84397 16.810 0.013
3550.64041 17.024 0.013
3551.64101 16.785 0.010
3552.67633 17.000 0.014
3553.72573 16.778 0.015
3553.78070 16.810 0.016
3553.79268 16.816 0.017
3553.80731 16.853 0.020
3553.82570 16.917 0.021
3553.83747 16.963 0.019
3554.56916 16.702 0.018
3554.58394 16.672 0.016
3554.59615 16.780 0.014
3554.61166 16.775 0.013
3554.62266 16.785 0.015
3554.63207 16.769 0.015
3554.64387 16.747 0.016
3554.65571 16.769 0.016
3554.66426 16.783 0.015
3554.68329 16.888 0.015
3554.69832 16.868 0.015
3554.71358 16.891 0.016
3554.72863 16.902 0.016
3554.74346 16.949 0.016
3554.76366 16.980 0.015
3554.78342 16.982 0.017
3554.80587 16.948 0.015
3554.82612 16.887 0.019
3554.85024 16.795 0.016
3554.86473 16.755 0.016
3555.64890 16.988 0.014
3555.68260 16.901 0.016
3555.76892 16.755 0.015
3556.55101 16.913 0.022
3556.65153 16.793 0.012
3556.76215 16.871 0.015
3556.83450 16.941 0.021
3558.46492 16.822 0.017
3558.53571 16.874 0.014
3558.74593 16.718 0.014
3558.83441 16.824 0.016
3559.56612 17.005 0.015
3559.70436 16.839 0.012
3560.46747 16.977 0.019
3560.60571 16.785 0.012
3560.69921 16.985 0.014
3560.82685 16.755 0.014
3561.46098 16.810 0.023
3561.62731 17.002 0.014
3561.75365 16.773 0.012
3562.46849 16.998 0.017
3562.59411 16.706 0.016
3562.76025 16.936 0.014
3563.48140 16.812 0.015
3563.64485 16.963 0.015
3563.77653 16.862 0.015
3564.51598 16.825 0.020
3564.64065 16.926 0.013
3564.73548 16.674 0.015
3564.78499 16.823 0.017
3564.80061 16.866 0.017
3565.48063 16.965 0.023
3568.78805 16.936 0.014
3569.47465 16.729 0.029
3569.56798 16.951 0.016
3573.66289 16.757 0.015
3574.69430 16.980 0.015
3575.54180 16.987 0.013
3575.77840 16.852 0.014
3576.69564 16.919 0.015
3577.59578 16.924 0.015
3578.68040 16.774 0.011
3579.62591 16.828 0.012
3580.65910 17.009 0.014
3581.67894 16.784 0.011
3582.65083 16.929 0.012
3583.64121 16.978 0.013
3583.76112 16.721 0.015
3584.64988 16.773 0.011
3584.76451 16.988 0.015
3585.64022 16.940 0.013
3586.72531 16.759 0.011
3589.67885 16.789 0.011
3590.66280 16.902 0.012
3591.68636 16.955 0.012
3593.75331 16.992 0.017
3594.71550 16.786 0.012
3601.66402 16.876 0.014
3602.62463 17.018 0.016
3603.64466 16.719 0.013
3607.64301 16.952 0.013
3608.65839 16.823 0.012
3615.58614 16.811 0.013
3618.58774 16.817 0.013
3620.55096 16.850 0.011
3622.52879 16.943 0.016
3628.60498 16.849 0.016
3630.54432 16.951 0.018
3632.59599 16.905 0.017
3634.49507 16.957 0.017
3639.55395 16.957 0.012
3641.55237 16.902 0.019
3644.51274 16.941 0.016
3648.54449 16.740 0.015
3650.59299 16.791 0.016
3654.54854 16.794 0.016
3656.52980 16.831 0.015
3658.56165 16.950 0.021
3660.53426 16.910 0.018
3664.53801 16.916 0.014
3669.53758 16.995 0.020
3675.51634 16.956 0.019
3776.87514 17.024 0.017
3782.85981 16.970 0.015
3784.88513 17.011 0.014
3788.85253 16.840 0.015
3790.89494 16.959 0.015
3793.86225 16.989 0.013
3795.84966 16.984 0.017
3798.81286 16.963 0.014
3799.83703 16.889 0.015
3800.83197 16.809 0.014
3801.89146 16.957 0.015
3802.85704 16.786 0.013
3803.89230 16.998 0.013
3805.80876 16.841 0.015
3806.77503 16.826 0.014
3807.79413 17.077 0.018
3808.80181 16.791 0.014
3809.88692 17.014 0.014
3810.85354 16.826 0.012
3811.84514 16.796 0.013
3812.84124 17.008 0.017
3813.83416 16.828 0.012
3814.83305 16.858 0.013
3817.86456 16.981 0.016
3818.89369 16.764 0.011
3819.81139 16.769 0.010
3820.77803 16.861 0.012
3821.78118 17.039 0.014
3822.82057 16.822 0.012
3823.78076 16.918 0.017
3824.74695 17.010 0.018
3825.81181 16.848 0.014
3826.74033 16.840 0.014
3827.80814 16.810 0.012
3828.78275 16.799 0.015
3829.76494 16.998 0.016
3830.74128 16.989 0.015
3831.91478 16.975 0.012
3832.75184 17.005 0.014
3833.76503 16.791 0.012
3834.75076 16.867 0.013
3834.92165 16.851 0.016
3835.73984 17.039 0.017
3836.77089 16.782 0.015
3837.73824 16.916 0.017
3837.91014 16.824 0.012
3838.75003 16.982 0.020
3838.91735 16.866 0.015
3839.74580 16.793 0.015
3840.71179 16.920 0.017
3840.91674 16.781 0.013
3841.75031 16.950 0.015
3841.90104 16.895 0.014
3842.85368 17.029 0.014
3845.72583 16.853 0.019
3845.91657 16.855 0.015
3846.73652 17.013 0.014
3846.92882 16.806 0.014
3847.80260 16.772 0.015
3848.75757 16.941 0.015
3849.75672 17.017 0.014
3850.70075 16.834 0.013
3850.87249 16.962 0.015
3851.71590 16.918 0.015
3851.88079 16.833 0.013
3851.92689 16.769 0.013
3852.70447 17.024 0.016
3852.87571 16.828 0.013
3853.69289 16.828 0.012
3853.86119 17.006 0.014
3853.93198 16.947 0.014
3856.68292 16.805 0.013
3856.84968 16.969 0.013
3857.92060 16.791 0.013
3858.76930 16.798 0.010
3859.80750 16.984 0.014
3860.67702 17.005 0.017
3860.91585 16.823 0.014
3861.67507 16.896 0.015
3861.77866 16.812 0.011
3862.70777 16.909 0.013
3862.87080 16.880 0.013
3863.64580 16.998 0.016
3863.85989 16.795 0.011
3864.68273 16.800 0.014
3864.87280 17.002 0.013
3864.93174 16.956 0.012
3865.69355 16.926 0.015
3865.83029 16.947 0.015
3865.90706 16.783 0.012
3866.69202 17.028 0.014
3866.83148 16.778 0.012
3866.91039 16.944 0.012
3867.63487 16.861 0.015
3867.82053 16.927 0.015
3867.89358 16.987 0.014
3868.71798 17.017 0.018
3868.86965 16.758 0.015
3869.69778 16.943 0.014
3869.87874 16.948 0.017
3872.89511 16.951 0.015
3873.65067 16.788 0.012
3873.79274 16.992 0.014
3873.86547 16.871 0.014
3873.93508 16.730 0.014
3874.74977 16.905 0.015
3875.66344 16.852 0.011
3875.81884 16.917 0.013
3875.90984 17.019 0.014
3876.64064 16.819 0.010
3877.63877 16.976 0.015
3877.79011 16.798 0.011
3877.86400 16.850 0.012
3880.61183 17.025 0.014
3880.83967 16.859 0.014
3880.91843 17.019 0.015
3881.66883 16.796 0.012
3881.88032 16.959 0.012
3881.92708 16.820 0.011
3882.75711 16.986 0.014
3882.83138 16.786 0.013
3882.90021 16.811 0.012
3883.64650 17.019 0.018
3883.84419 16.925 0.012
3886.60859 17.081 0.016
3886.80136 16.899 0.012
3886.87322 16.980 0.016
3887.58191 16.809 0.015
3887.78455 17.036 0.013
3887.88411 16.801 0.013
3888.59798 16.954 0.013
3889.66439 16.795 0.011
3889.94261 16.848 0.016
3890.64956 16.855 0.012
3891.67402 17.003 0.015
3891.80226 16.774 0.012
3891.88424 16.946 0.015
3892.94155 16.845 0.016
3893.62782 16.879 0.013
3893.86966 16.748 0.015
3894.67823 16.876 0.016
3896.61582 16.898 0.021
3900.53709 17.014 0.019
3900.72351 16.770 0.011
3900.80213 16.930 0.014
3900.87078 17.037 0.016
3901.54724 16.834 0.014
3901.72859 17.002 0.015
3901.80583 16.909 0.017
3901.87478 16.762 0.015
3902.56993 16.913 0.013
3902.74944 16.782 0.012
3902.86841 16.919 0.016
3903.66106 16.790 0.012
3904.55825 16.767 0.012
3904.72127 17.034 0.013
3904.79034 16.873 0.013
3904.89248 16.756 0.014
3905.55498 16.983 0.014
3905.73167 16.767 0.011
3905.80170 16.835 0.011
3905.87027 16.981 0.014
3906.56951 16.907 0.016
3906.71012 16.831 0.013
3906.78247 16.934 0.015
3906.86169 16.899 0.015
3907.60029 16.851 0.014
3907.86706 16.693 0.017
3908.53638 16.978 0.015
3908.72205 16.745 0.012
3908.80212 16.845 0.013
3908.88171 16.977 0.015
3909.53824 16.924 0.015
3909.72098 16.956 0.012
3909.81142 16.990 0.013
3909.88771 16.793 0.014
3910.57469 16.860 0.014
3912.53735 16.857 0.011
3912.72473 16.986 0.012
3912.81864 16.877 0.012
3913.52887 16.844 0.011
3913.73429 16.809 0.013
3913.82321 16.788 0.011
3914.55264 17.001 0.016
3915.53036 16.819 0.013
3915.73238 17.005 0.015
3915.83058 16.801 0.013
3916.56905 16.970 0.016
3916.81298 16.825 0.014
3917.61779 16.799 0.015
3917.82353 17.001 0.016
3918.61112 16.826 0.015
3918.82125 16.718 0.015
3919.54938 16.888 0.015
3919.75800 16.774 0.011
3920.51573 16.970 0.019
3920.71181 16.873 0.014
3920.79718 16.988 0.014
3921.51190 16.804 0.013
3921.71115 16.902 0.019
3921.72563 16.858 0.018
3922.71556 16.731 0.016
3930.54881 17.000 0.015
3930.79059 16.789 0.018
3931.50444 17.094 0.019
3932.53202 16.827 0.014
3932.80377 16.756 0.013
3933.51844 17.015 0.014
3933.70290 16.800 0.011
3933.77490 16.857 0.013
3934.49233 17.047 0.015
3934.66238 16.877 0.012
3934.73222 16.970 0.013
3935.54223 16.852 0.014
3935.71356 16.843 0.016
3935.81110 16.774 0.015
3936.49561 16.959 0.019
3936.66111 16.765 0.012
3936.73748 16.785 0.013
3938.50338 16.788 0.016
3938.69838 16.819 0.011
3938.80354 16.775 0.015
3940.58804 16.810 0.014
3941.70466 16.729 0.014
3944.55594 16.986 0.012
3944.75630 16.821 0.012
3945.78420 17.024 0.017
3946.51507 16.776 0.015
3946.70728 16.898 0.014
3950.52381 17.040 0.014
3950.73886 16.891 0.015
3951.51657 16.774 0.013
3951.74782 16.969 0.017
3956.56974 16.766 0.015
3957.50816 16.789 0.015
3958.57897 16.992 0.015
3959.51173 16.828 0.014
3959.68615 16.962 0.015
3960.50097 16.851 0.012
3960.68007 16.943 0.012
3961.57227 16.922 0.015
3963.53360 16.931 0.014
3963.71100 16.727 0.013
3964.52870 17.019 0.014
3965.51313 16.775 0.011
3965.70443 16.999 0.014
3966.48831 16.884 0.014
3966.69006 16.756 0.013
3967.52267 16.892 0.016
3967.71549 16.907 0.014
3968.50079 16.767 0.014
3968.67075 16.966 0.016
3969.48241 16.938 0.017
3969.68309 16.697 0.013
3970.51155 16.767 0.015
3970.69014 16.948 0.014
3971.55540 16.817 0.015
3973.58160 16.751 0.013
3974.51087 16.876 0.014
3974.69743 16.759 0.015
3975.51377 17.028 0.014
3975.68559 16.843 0.015
3976.50833 16.777 0.011
3976.68438 17.008 0.021
3979.51057 16.728 0.022
3982.57121 16.944 0.016
3983.52886 16.945 0.021
3986.58566 16.768 0.014
3987.50800 16.739 0.014
3988.52093 16.948 0.012
3989.53152 16.864 0.014
3990.54835 16.780 0.013
3991.50409 16.937 0.016
3993.55583 16.920 0.016
3994.56650 16.964 0.016
3995.57406 16.819 0.012
3999.61142 16.975 0.015
4002.50083 16.964 0.015
4003.49504 16.958 0.014
4004.52914 16.871 0.012
4006.52207 16.777 0.013
4012.50201 16.734 0.016
4016.51765 17.006 0.019
4018.55541 16.967 0.017
4020.54065 16.856 0.014
4023.54098 16.817 0.015
4025.56038 16.800 0.014
4028.49978 16.763 0.016
4031.49990 16.765 0.015
4038.50523 16.909 0.021
4040.51963 16.818 0.020
4043.51205 16.886 0.022
4141.87980 16.847 0.017
4150.89500 16.962 0.025
4153.88292 17.026 0.017
4156.86131 16.993 0.020
4158.88088 16.944 0.017
4161.84885 16.964 0.019
4163.83171 16.796 0.015
4165.81315 16.989 0.025
4168.81030 16.960 0.018
4170.80228 16.984 0.028
4175.79289 16.885 0.017
4176.90424 16.789 0.014
4178.80800 16.971 0.016
4179.85231 16.819 0.014
4181.78873 16.966 0.019
4182.83368 16.822 0.013
4183.86981 16.985 0.016
4184.91044 16.816 0.012
4189.84565 16.993 0.019
4191.81073 16.739 0.020
4193.74509 16.945 0.026
4194.79064 16.810 0.015
4196.78072 16.857 0.017
4202.76224 16.802 0.013
4203.75026 16.901 0.013
4204.74254 17.029 0.018
4204.92483 16.842 0.016
4205.73906 16.785 0.013
4207.72853 17.039 0.017
4208.75063 16.793 0.014
4211.79479 16.874 0.017
4212.87196 16.731 0.017
4213.71516 16.927 0.018
4213.91873 16.993 0.016
4215.74785 17.029 0.018
4216.70564 16.876 0.016
4217.71308 16.850 0.014
4217.91673 16.784 0.013
4218.76271 16.870 0.019
4219.76364 16.795 0.016
4220.70560 16.895 0.018
4222.67432 16.824 0.018
4222.92180 16.965 0.017
4224.78781 16.792 0.015
4228.68320 16.793 0.014
4228.91679 16.826 0.019
4229.63892 16.937 0.021
4229.67688 16.951 0.021
4229.87385 16.795 0.015
4230.68656 16.826 0.014
4230.87463 16.982 0.019
4230.93953 16.935 0.029
4231.62893 16.799 0.016
4231.77314 17.022 0.016
4231.89733 16.786 0.017
4232.68098 16.978 0.019
4232.84201 16.695 0.020
4233.81627 16.953 0.018
4234.71444 16.989 0.017
4235.64246 17.002 0.018
4235.80369 16.786 0.013
4235.89612 16.943 0.016
4238.62838 16.982 0.023
4238.88080 16.970 0.021
4239.63511 16.781 0.016
4240.68249 16.988 0.019
4240.81973 16.782 0.014
4243.64830 17.002 0.019
4243.74101 16.936 0.016
4243.83477 16.785 0.017
4244.62065 16.946 0.019
4244.71689 16.778 0.014
4244.80969 16.965 0.017
4245.61373 16.760 0.015
4245.70764 16.955 0.016
4245.80347 17.023 0.016
4246.67204 17.031 0.017
4246.76491 16.796 0.015
4246.85824 16.870 0.017
4247.68726 16.764 0.014
4247.83087 17.006 0.017
4250.73542 16.875 0.016
4251.80699 16.809 0.020
4256.62311 16.728 0.019
4256.76913 17.022 0.022
4257.65477 16.991 0.018
4258.63816 16.808 0.018
4258.76065 16.894 0.017
4258.85477 17.009 0.021
4267.59874 16.770 0.014
4268.56196 16.853 0.015
4268.84482 16.838 0.015
4269.58117 17.013 0.017
4269.70169 16.798 0.013
4269.79097 16.915 0.012
4270.57471 16.809 0.015
4272.60306 16.867 0.014
4272.75221 16.936 0.016
4272.81145 17.008 0.014
4272.88300 16.930 0.020
4273.62018 16.864 0.018
4273.80082 16.794 0.016
4273.86198 16.832 0.021
4274.55282 16.984 0.020
4274.70657 16.755 0.017
4274.76771 16.786 0.016
4274.82612 16.886 0.020
4275.60526 16.786 0.015
4275.78061 17.017 0.020
4275.84171 16.977 0.022
4276.59004 16.868 0.018
4277.53384 16.945 0.024
4277.71076 16.807 0.015
4277.76945 16.839 0.019
4277.82806 16.884 0.024
4278.57872 16.776 0.018
4278.75489 16.951 0.022
4283.51325 16.994 0.021
4283.73356 16.877 0.019
4284.50820 16.848 0.018
4284.69878 16.951 0.017
4284.76111 16.933 0.017
4284.82593 16.676 0.020
4285.51129 16.826 0.021
4285.69941 16.758 0.015
4285.76585 16.748 0.015
4285.83117 16.859 0.019
4286.51098 17.076 0.021
4286.81178 17.034 0.021
4289.51880 16.911 0.018
4289.73733 16.948 0.019
4289.80246 17.001 0.018
4290.56510 16.863 0.019
4291.62769 16.873 0.015
4292.49335 17.001 0.016
4292.67255 16.948 0.016
4292.73113 17.002 0.016
4292.78967 16.961 0.016
4293.49368 16.813 0.015
4293.71829 16.831 0.014
4293.77710 16.803 0.014
4294.49286 17.027 0.019
4295.49997 16.857 0.015
4295.69800 17.000 0.015
4295.75658 16.987 0.016
4296.49700 16.852 0.017
4296.69354 16.840 0.014
4296.82719 16.908 0.019
4297.51655 16.984 0.019
4297.71817 16.867 0.012
4298.55144 16.830 0.015
4298.65716 16.952 0.017
4298.76304 16.819 0.019
4299.53445 16.966 0.014
4299.62745 16.996 0.015
4299.71965 16.754 0.013
4299.81422 16.908 0.020
4300.53013 16.952 0.017
4300.65020 16.802 0.014
4300.74572 16.964 0.016
4301.52100 16.786 0.013
4301.61676 16.955 0.015
4301.71788 16.934 0.016
4301.80771 16.800 0.015
4302.59398 16.983 0.018
4302.69417 16.799 0.016
4303.68000 16.918 0.019
4304.55411 16.919 0.019
4304.67224 16.979 0.021
4306.63808 16.901 0.018
4306.69341 17.003 0.020
4310.61727 16.993 0.022
4312.54955 16.830 0.017
4312.74800 16.808 0.015
4315.64052 16.970 0.020
4316.71371 16.822 0.018
4317.56179 16.772 0.014
4319.51904 16.958 0.021
4319.77388 17.000 0.020
4320.54586 16.786 0.015
4326.51310 16.812 0.015
4326.71029 16.823 0.018
4327.59176 16.922 0.020
4328.51854 16.853 0.018
4328.69657 16.966 0.019
4329.52829 16.851 0.017
4329.67616 16.846 0.017
4330.49940 17.028 0.017
4330.69269 16.820 0.015
4331.47955 16.791 0.018
4331.68841 16.919 0.020
4332.50933 16.936 0.015
4333.53041 16.933 0.018
4333.69154 16.844 0.019
4334.50379 16.812 0.033
4334.63200 16.944 0.035
4338.50363 17.050 0.021
4339.48098 16.979 0.020
4339.69743 16.941 0.024
4340.60129 16.992 0.019
4341.50429 16.998 0.023
4342.53348 16.812 0.016
4343.51231 16.893 0.014
4344.54055 16.892 0.022
4345.50573 16.787 0.014
4346.51843 16.965 0.019
4347.53314 16.807 0.016
4349.49479 16.968 0.019
4350.54143 16.797 0.014
4351.50732 16.855 0.015
4352.55786 16.886 0.021
4353.51122 16.835 0.015
4354.53991 16.977 0.016
4355.54256 16.918 0.017
4356.50794 16.761 0.015
4357.53702 16.962 0.020
4358.50004 16.943 0.021
4359.53760 16.872 0.017
4360.56694 17.011 0.021
4361.57036 16.803 0.020
4362.51211 16.874 0.020
4365.56297 16.975 0.023
4367.48900 16.818 0.015
4368.53264 16.984 0.022
4370.49667 16.804 0.016
4371.53510 17.033 0.018
4372.52084 16.837 0.014
4373.50704 16.809 0.018
4376.57174 16.920 0.023
4377.60896 16.764 0.019
4378.51953 16.787 0.016
4379.53457 16.897 0.023
4380.54607 16.816 0.015
4381.52475 16.798 0.020
4382.56729 16.952 0.020
4383.55782 16.814 0.018
4384.53200 16.870 0.019
4387.59148 17.007 0.021
4393.53185 17.002 0.021
4394.49934 16.882 0.018
4394.54721 16.794 0.018
4395.49780 16.791 0.019
4395.51864 16.845 0.018
4396.51064 17.024 0.026
4397.53493 16.800 0.019
4398.53987 16.975 0.021
4399.53253 16.996 0.024
4400.53460 16.797 0.024
4402.55102 16.771 0.020
4403.55008 16.866 0.021
4407.52599 17.008 0.026
4408.54087 16.770 0.020
4507.85625 16.709 0.018
4510.86176 16.841 0.016
4513.86288 16.882 0.013
4517.86201 16.892 0.023
4519.88299 17.025 0.016
4522.87688 17.078 0.021
4524.81274 16.827 0.017
4530.82038 16.886 0.013
4533.85623 17.017 0.018
4535.83897 16.833 0.016
4536.89666 16.965 0.015
4537.88230 16.800 0.012
4538.81739 16.838 0.015
4539.85545 17.054 0.017
4540.80164 16.869 0.013
4541.79438 16.830 0.013
4542.78905 17.024 0.020
4543.78457 16.834 0.014
4544.78148 16.861 0.016
4545.78780 17.034 0.017
4546.79492 16.813 0.015
4547.78888 16.944 0.015
4548.79984 16.965 0.019
4550.74290 16.893 0.019
4551.76607 17.008 0.017
4552.76206 16.777 0.029
4556.75813 17.036 0.015
4557.77535 16.827 0.014
4558.75229 16.854 0.013
4558.92209 16.891 0.016
4559.75021 17.028 0.015
4560.75033 16.804 0.013
4561.74039 16.916 0.015
4564.73057 16.960 0.015
4565.72866 17.026 0.013
4565.91953 16.972 0.013
4566.72811 16.794 0.012
4567.72116 16.978 0.015
4567.92699 16.808 0.016
4568.72972 16.920 0.015
4569.73882 16.830 0.015
4570.72942 17.018 0.017
4571.72408 16.823 0.017
4571.91264 17.022 0.015
4572.75158 16.937 0.013
4573.73996 17.034 0.015
4573.90631 16.814 0.012
4574.74234 16.764 0.014
4575.75142 16.956 0.015
4576.75794 16.919 0.014
4577.83964 16.967 0.017
4578.79067 17.008 0.022
4579.86759 16.854 0.020
4583.73438 16.857 0.017
4583.92718 16.833 0.015
4585.75808 16.741 0.016
4586.78329 16.995 0.020
4587.77104 16.850 0.015
4587.92958 16.912 0.020
4588.69350 16.829 0.015
4588.92436 16.997 0.016
4589.67641 16.855 0.015
4589.83181 16.943 0.016
4589.89383 16.759 0.015
4590.69919 17.033 0.017
4590.90384 16.958 0.016
4591.70769 16.813 0.013
4591.83314 16.982 0.015
4591.89968 16.979 0.016
4592.66630 16.880 0.018
4592.85558 16.784 0.015
4592.93393 16.864 0.017
4593.65547 17.042 0.018
4593.86516 16.897 0.014
4594.67648 16.777 0.015
4594.87150 17.004 0.016
4595.66598 16.963 0.016
4595.86041 16.803 0.014
4595.92227 16.857 0.015
4596.66120 17.020 0.018
4597.68564 16.819 0.015
4597.87715 16.874 0.015
4598.66193 17.013 0.013
4598.93062 16.966 0.017
4599.63440 16.984 0.019
4599.92496 17.002 0.019
4600.64366 16.808 0.012
4600.85238 16.853 0.013
4601.64923 17.017 0.015
4601.86546 16.845 0.013
4601.92735 16.953 0.016
4602.64185 16.858 0.013
4602.85129 17.020 0.014
4603.76932 16.966 0.018
4606.64313 16.911 0.015
4606.89822 16.825 0.016
4610.73931 16.799 0.013
4611.62860 16.737 0.016
4611.81948 16.966 0.015
4612.64998 17.036 0.018
4615.79173 16.803 0.015
4616.60074 16.926 0.018
4616.81725 16.975 0.016
4616.88724 16.968 0.018
4617.66973 16.968 0.015
4618.61250 17.035 0.017
4621.91328 16.993 0.014
4622.81092 16.992 0.017
4622.92225 16.775 0.020
4623.64476 16.977 0.015
4623.87002 16.834 0.017
4624.58999 17.008 0.020
4624.81413 16.954 0.017
4624.88050 16.993 0.017
4625.60409 16.771 0.016
4625.79444 16.954 0.018
4625.91093 16.717 0.019
4626.60257 16.932 0.018
4626.85789 16.748 0.018
4627.56305 17.052 0.018
4627.85235 17.019 0.014
4627.91960 16.819 0.014
4628.55033 16.824 0.015
4628.75659 17.001 0.016
4628.82206 16.759 0.014
4628.89194 16.776 0.015
4629.62775 17.043 0.016
4629.83037 16.902 0.015
4629.90837 17.030 0.020
4630.56366 16.981 0.019
4630.76952 16.966 0.015
4630.85288 16.955 0.016
4630.91564 16.783 0.016
4631.56505 16.827 0.013
4631.78081 16.839 0.013
4631.86750 16.751 0.015
4632.56886 17.005 0.017
4632.85560 16.949 0.017
4633.56884 16.854 0.014
4633.68034 16.853 0.013
4633.79608 16.977 0.017
4638.75387 16.898 0.017
4638.86409 17.016 0.020
4639.57641 16.804 0.016
4639.67421 16.978 0.015
4640.59594 17.004 0.016
4640.72810 16.797 0.013
4640.83311 16.873 0.018
4641.66993 16.789 0.014
4641.77989 16.969 0.017
4642.59382 16.836 0.014
4642.75635 16.960 0.016
4642.83142 16.786 0.017
4643.55162 16.983 0.019
4644.59896 16.770 0.016
4644.85795 16.842 0.016
4645.52206 16.789 0.018
4645.77050 16.778 0.015
4645.84521 16.755 0.017
4646.52006 16.972 0.015
4646.85247 16.989 0.018
4647.51645 16.954 0.019
4647.73950 16.983 0.020
4647.85053 16.782 0.017
4648.49962 16.774 0.016
4648.71609 16.800 0.015
4648.81712 16.787 0.016
4649.52569 17.016 0.020
4649.73440 16.850 0.013
4649.86080 17.012 0.020
4650.51165 16.866 0.017
4650.77559 16.970 0.017
4650.86931 16.760 0.018
4651.51503 16.815 0.019
4651.81016 16.829 0.019
4652.50607 17.024 0.018
4652.71920 16.845 0.015
4652.79409 16.991 0.018
4652.84382 16.995 0.022
4653.50241 16.877 0.020
4653.72160 17.030 0.017
4653.78680 16.823 0.019
4654.54123 16.941 0.017
4654.75269 16.765 0.014
4654.81778 16.832 0.022
4655.50227 17.036 0.020
4655.72677 16.932 0.014
4655.78855 16.977 0.017
4656.50422 16.802 0.013
4656.69398 16.970 0.017
4656.81322 16.761 0.016
4657.73013 16.756 0.017
4658.66269 16.863 0.016
4659.59670 16.904 0.022
4660.61501 16.873 0.016
4661.49227 16.957 0.017
4661.69295 16.924 0.018
4661.75444 16.976 0.025
4661.82164 16.842 0.021
4665.65972 16.915 0.019
4666.56516 16.890 0.016
4666.70824 16.914 0.018
4666.75039 16.981 0.021
4670.64986 16.991 0.017
4671.58536 16.987 0.015
4672.51088 16.890 0.013
4672.70334 16.983 0.017
4672.72562 16.985 0.017
4674.51396 17.025 0.020
4674.70707 16.831 0.016
4677.49057 17.069 0.017
4677.63697 16.758 0.014
4677.77947 16.982 0.019
4678.69395 17.015 0.015
4681.53198 16.842 0.015
4681.63200 16.983 0.016
4681.76420 16.801 0.016
4682.50298 17.007 0.016
4682.66031 16.786 0.013
4682.75551 16.864 0.015
4683.52150 16.844 0.017
4683.70842 16.940 0.017
4684.51402 16.835 0.015
4684.72774 16.815 0.014
4685.49899 16.925 0.020
4685.73396 16.888 0.016
4686.50273 16.827 0.015
4687.48649 16.836 0.015
4687.74200 16.764 0.016
4688.49942 17.020 0.019
4688.68924 16.828 0.015
4688.75105 17.010 0.021
4693.54697 17.009 0.017
4694.54225 16.705 0.020
4697.50290 16.865 0.015
4698.50839 16.857 0.014
4699.50456 17.037 0.017
4700.51083 16.793 0.013
4701.50612 16.929 0.016
4702.50463 17.018 0.018
4703.57515 16.898 0.015
4704.64488 16.834 0.015
4705.50828 16.884 0.015
4707.63863 16.783 0.013
4708.54152 16.769 0.016
4709.51762 16.788 0.018
4710.54724 16.994 0.015
4715.58658 16.978 0.020
4716.58898 16.756 0.019
4720.55614 16.948 0.018
4721.48767 16.952 0.022
4722.60096 16.886 0.016
4724.51004 16.962 0.020
4725.48885 16.717 0.017
4726.54976 16.960 0.023
4728.59487 16.998 0.022
4729.55037 16.950 0.020
4730.56906 16.811 0.015
4731.57363 16.950 0.017
4733.52530 16.794 0.015
4734.55466 17.025 0.020
4737.54558 16.991 0.019
4740.55610 17.040 0.020
4741.56379 16.789 0.015
4743.56944 16.891 0.018
4753.54962 16.986 0.021
4756.52846 16.838 0.020
4758.51130 16.812 0.018
4868.88180 16.910 0.017
4873.85454 16.834 0.015
4874.84898 16.912 0.018
4877.84883 16.980 0.016
4884.85638 16.809 0.013
4887.82847 16.796 0.013
4890.88445 16.881 0.014
4896.87268 16.991 0.016
4899.84360 16.949 0.015
4900.88502 16.806 0.013
4901.88342 16.851 0.012
4902.88214 17.038 0.015
4904.80623 16.797 0.014
4905.91023 16.878 0.017
4910.81218 16.894 0.015
4911.78274 17.011 0.013
4912.77967 16.832 0.011
4914.79673 17.046 0.015
4917.75776 17.043 0.014
4920.73782 17.072 0.015
4920.75032 17.006 0.015
4924.77886 16.884 0.013
4925.81881 16.983 0.013
4925.90587 16.808 0.011
4927.71851 16.787 0.017
4927.87299 17.004 0.018
4928.73498 17.057 0.019
4929.79125 16.797 0.012
4930.70575 16.840 0.017
4930.82468 17.020 0.017
4931.72058 17.059 0.020
4931.86625 16.780 0.014
4932.72363 16.833 0.014
4932.82430 16.923 0.012
4933.77197 16.966 0.018
4934.87519 16.829 0.016
4938.68096 16.783 0.015
4938.88559 16.972 0.017
4939.69987 16.961 0.016
4940.69986 16.902 0.014
4941.67863 16.826 0.014
4941.77660 16.970 0.016
4942.71640 17.023 0.014
4943.67043 16.938 0.014
4943.80994 16.865 0.014
4944.66726 16.831 0.014
4944.82270 17.042 0.015
4945.71570 17.013 0.014
4945.77218 16.851 0.012
4946.66535 16.868 0.015
4947.65907 16.855 0.013
4947.85730 16.846 0.013
4948.83959 16.825 0.012
4950.67748 16.961 0.015
4951.64774 17.060 0.018
4952.64597 16.799 0.015
4953.63960 16.923 0.016
4953.81417 16.816 0.014
4954.64114 17.001 0.018
4954.83401 16.933 0.015
4955.64184 16.794 0.018
4955.67654 16.844 0.016
4955.69574 16.842 0.014
4955.72772 16.894 0.017
4955.77521 16.994 0.017
4955.82073 16.982 0.016
4955.84252 16.987 0.019
