 551.85963 16.163 0.011
 552.91074 16.031 0.010
 553.84366 15.994 0.010
 554.83635 16.005 0.010
 558.72099 15.967 0.013
 559.79684 16.223 0.013
 561.73570 15.956 0.011
 562.68966 15.959 0.013
 567.86693 16.025 0.011
 568.88466 16.227 0.013
 569.87902 16.044 0.013
 571.86161 16.152 0.013
 572.88338 16.134 0.014
 573.91555 16.013 0.013
 574.89833 16.184 0.013
 576.64908 16.022 0.011
 578.81707 16.130 0.011
 581.79962 16.032 0.011
 582.83239 16.232 0.013
 583.85341 15.987 0.011
 587.93058 16.210 0.016
 588.88593 16.236 0.013
 590.86755 15.995 0.014
 599.91107 16.001 0.014
 600.85985 15.982 0.007
 601.69600 16.028 0.010
 605.88590 16.198 0.016
 606.79218 16.186 0.011
 607.78882 15.985 0.010
 608.78065 16.050 0.013
 614.85182 16.069 0.011
 615.81015 16.181 0.011
 616.81250 16.135 0.013
 623.73066 16.227 0.011
 624.69724 16.104 0.011
 625.61028 16.092 0.011
 626.82928 16.039 0.011
 628.74547 15.994 0.011
 629.75794 16.219 0.013
 630.58460 16.036 0.013
 631.76859 16.009 0.011
 632.69410 16.023 0.011
 633.72219 16.207 0.011
 635.79322 16.175 0.014
 643.69275 16.195 0.013
 645.76391 16.113 0.013
 652.69272 16.027 0.011
 655.51793 16.228 0.014
 656.66155 16.106 0.011
 664.61748 16.215 0.011
 665.73506 16.091 0.011
 666.61004 16.002 0.011
 667.72817 16.056 0.011
 671.54593 16.174 0.014
 684.58602 16.172 0.011
 687.57902 16.134 0.011
 689.64409 16.015 0.011
 698.58199 16.219 0.014
 699.58031 16.002 0.011
 706.60685 16.020 0.014
 712.56537 16.049 0.011
 716.61765 16.033 0.011
 727.57336 16.146 0.014
 733.52585 15.970 0.011
 751.51589 16.172 0.016
 858.85911 16.152 0.013
 887.87752 16.193 0.013
 895.88193 15.990 0.010
 897.83203 16.125 0.011
 918.92514 15.979 0.013
 924.79304 16.164 0.013
 928.76445 16.211 0.013
 931.76300 16.161 0.014
 933.85946 16.106 0.011
 936.78543 15.993 0.010
 937.80636 16.121 0.011
 939.76718 16.086 0.011
 941.76364 16.169 0.011
 944.75229 16.092 0.014
 950.71909 16.004 0.011
 951.78864 16.217 0.011
 952.80038 16.089 0.011
 953.71360 16.074 0.011
 961.81556 16.210 0.013
 963.67541 16.176 0.013
 964.69713 15.967 0.010
 965.88193 15.976 0.011
 966.88751 16.118 0.011
 971.86714 16.126 0.013
 985.63544 16.017 0.008
 987.80097 16.135 0.011
 988.66626 16.017 0.011
 989.70798 16.245 0.014
 990.65145 16.126 0.014
 990.66016 16.093 0.011
 991.57691 16.033 0.011
 992.77381 16.117 0.013
 995.55819 15.985 0.016
 997.71101 15.964 0.011
 998.80378 16.205 0.016
1006.64006 16.205 0.013
1021.72304 16.113 0.013
1025.59812 15.972 0.010
1036.50449 15.986 0.011
1040.58426 16.234 0.013
1043.63676 16.229 0.014
1048.57359 15.998 0.011
1053.65483 16.172 0.013
1060.61590 16.187 0.019
1067.65234 15.987 0.011
1072.49502 16.006 0.013
1076.59354 16.186 0.013
1079.49609 15.977 0.014
1087.51691 16.201 0.014
1090.49535 16.146 0.018
1093.59173 16.233 0.016
1102.50080 15.966 0.013
1113.50455 16.098 0.018
1121.52532 16.147 0.021
1229.86615 16.144 0.013
1238.81186 16.010 0.016
1239.82615 16.072 0.014
1242.86057 16.093 0.014
1253.87248 16.226 0.014
1256.88061 16.216 0.014
1258.87749 15.998 0.013
1261.82620 16.039 0.013
1266.87622 16.231 0.013
1268.86783 15.984 0.013
1279.83390 16.087 0.013
1281.89387 15.999 0.010
1289.85125 16.156 0.013
1290.82741 16.224 0.013
1294.81078 16.152 0.014
1295.82151 15.980 0.018
1296.82563 16.163 0.013
1298.84290 15.986 0.014
1301.71477 16.211 0.024
1305.72588 16.116 0.013
1307.77138 16.209 0.014
1310.78609 16.206 0.011
1312.80750 16.008 0.011
1313.84172 16.225 0.013
1315.81935 15.998 0.011
1316.65751 16.021 0.011
1317.76251 16.219 0.013
1318.87792 16.017 0.013
1319.75929 15.978 0.010
1320.78480 16.189 0.014
1327.84583 16.091 0.019
1332.78887 15.979 0.013
1333.82145 16.222 0.013
1335.63543 16.208 0.013
1338.68439 16.221 0.014
1338.83358 16.003 0.013
1339.59796 16.227 0.013
1339.70184 15.983 0.013
1339.88772 16.216 0.014
1340.64239 15.989 0.011
1340.74072 16.157 0.014
1341.70511 16.211 0.014
1341.88482 16.015 0.013
1342.57946 16.198 0.014
1342.70766 16.020 0.011
1342.80247 16.016 0.013
1343.80365 16.195 0.014
1345.73630 16.059 0.011
1346.63831 16.058 0.011
1346.73834 16.005 0.011
1346.84551 16.218 0.011
1347.64199 15.987 0.011
1347.74198 16.196 0.013
1348.60297 16.113 0.013
1348.70077 16.217 0.013
1348.82874 15.969 0.011
1349.59758 16.220 0.014
1349.70663 15.991 0.011
1349.83850 16.159 0.013
1350.59280 16.039 0.013
1350.74372 16.158 0.011
1350.84211 16.195 0.013
1352.76539 15.977 0.010
1353.63162 16.010 0.013
1353.74486 16.098 0.014
1354.56674 15.971 0.013
1354.67026 16.131 0.013
1354.77791 16.211 0.013
1355.56591 16.090 0.013
1355.66081 16.229 0.014
1355.76124 15.998 0.013
1359.62048 16.224 0.026
1360.82511 16.212 0.014
1361.63773 16.113 0.014
1365.60922 16.189 0.014
1365.78153 15.984 0.011
1366.55672 16.227 0.013
1366.68106 15.985 0.013
1367.64616 16.015 0.013
1367.77816 16.233 0.016
1368.56050 16.023 0.013
1368.66820 16.222 0.013
1368.78676 16.008 0.011
1369.58249 16.216 0.014
1369.69627 16.005 0.011
1370.53597 16.192 0.016
1370.63381 15.991 0.011
1374.62913 16.080 0.018
1374.68142 16.154 0.014
1375.72229 16.052 0.013
1376.51881 16.169 0.013
1394.65150 16.108 0.013
1395.72420 16.042 0.013
1397.64780 16.018 0.013
1398.70119 16.214 0.013
1399.55119 16.191 0.014
1400.65763 15.994 0.011
1401.59230 16.044 0.011
1402.58600 16.196 0.014
1403.57151 16.156 0.013
1404.58850 15.990 0.011
1407.60715 15.985 0.011
1408.62678 16.188 0.014
1415.66971 16.213 0.019
1416.57250 16.226 0.013
1419.64214 16.088 0.013
1430.50894 16.203 0.019
1431.58848 16.036 0.013
1432.66549 16.103 0.014
1436.52632 16.217 0.014
1441.57672 16.016 0.016
1443.57676 16.082 0.013
1448.51380 15.982 0.013
1459.49387 16.120 0.016
1462.56579 16.194 0.016
1476.53176 16.212 0.018
1601.82922 16.004 0.014
1605.86604 16.224 0.014
1609.85876 16.222 0.013
1611.82569 16.013 0.011
1617.86985 15.991 0.011
1621.81613 16.010 0.013
1623.87858 15.983 0.011
1625.79403 16.107 0.013
1634.88889 16.124 0.014
1645.85447 16.227 0.014
1652.77872 16.145 0.013
1661.74364 15.976 0.011
1662.81020 16.189 0.013
1664.81791 15.990 0.011
1664.90961 16.163 0.013
1665.85176 16.210 0.013
1666.87767 16.031 0.011
1668.83567 16.137 0.013
1669.88386 16.064 0.013
1672.74430 16.079 0.011
1675.81499 16.154 0.013
1676.87108 16.039 0.011
1681.68411 16.114 0.016
1681.78645 15.976 0.011
1681.90572 16.209 0.016
1682.77469 16.152 0.016
1683.75735 16.220 0.019
1687.64578 16.201 0.016
1689.76002 16.193 0.014
1691.63086 16.235 0.013
1692.87964 16.203 0.013
1693.74080 16.229 0.013
1695.60791 16.163 0.011
1698.66382 16.084 0.011
1702.67381 15.981 0.011
1704.64730 16.227 0.013
1706.64194 15.999 0.011
1716.79079 16.233 0.014
1717.70174 16.201 0.011
1721.78411 16.007 0.013
1722.62792 16.020 0.011
1726.57696 15.983 0.011
1728.62100 16.198 0.013
1729.56112 16.089 0.013
1730.54926 15.997 0.013
1731.55622 16.161 0.013
1732.70863 16.016 0.011
1738.68581 16.020 0.024
1742.72676 16.073 0.013
1743.70224 16.191 0.013
1744.78891 15.989 0.013
1748.52029 16.156 0.013
1749.47981 16.211 0.013
1750.52300 15.973 0.011
1751.48939 16.021 0.011
1752.55668 16.221 0.014
1753.51236 16.039 0.013
1754.66227 16.231 0.013
1755.55103 16.246 0.014
1755.67655 15.980 0.011
1756.52207 16.100 0.011
1757.63342 16.185 0.013
1758.56594 16.203 0.014
1759.49128 16.213 0.013
1761.58529 16.211 0.014
1762.60755 16.020 0.011
1763.64070 16.106 0.011
1764.55103 16.108 0.011
1765.55326 16.217 0.013
1772.66288 15.999 0.014
1774.49395 15.987 0.011
1775.67674 15.993 0.011
1777.69830 16.200 0.013
1783.69094 16.190 0.013
1785.68827 15.997 0.011
1787.64911 16.232 0.016
1789.60660 15.972 0.010
1802.49582 16.212 0.019
1804.56732 16.133 0.013
1808.59748 16.208 0.014
1809.50714 16.210 0.011
1811.54368 16.173 0.013
1813.57654 15.995 0.013
1815.57618 16.202 0.014
1817.55353 16.090 0.014
1819.58698 15.991 0.014
1825.50532 16.224 0.014
2125.67487 16.127 0.013
2125.67797 16.123 0.018
2129.72762 16.184 0.008
2129.73066 16.207 0.014
2132.67057 16.158 0.010
2132.67366 16.175 0.014
2136.57402 16.120 0.011
2136.57709 16.099 0.019
2141.58621 16.041 0.008
2141.59222 16.011 0.013
2144.67284 15.970 0.008
2144.67555 15.940 0.011
2160.62853 16.209 0.013
2160.63158 16.190 0.016
2170.56941 16.185 0.008
2170.57250 16.226 0.014
2178.58019 15.988 0.014
2178.58328 15.984 0.022
2211.53382 16.192 0.014
2211.53652 16.150 0.021
2333.87013 16.204 0.011
2344.83146 16.167 0.010
2355.88227 16.052 0.010
2364.87390 16.004 0.010
2372.88569 16.121 0.010
2384.82062 16.162 0.010
2388.81978 15.999 0.008
2390.85775 16.207 0.011
2390.86077 16.183 0.016
2393.85195 16.212 0.018
2400.79919 16.192 0.010
2402.90590 16.173 0.010
2402.90893 16.181 0.016
2406.84870 16.181 0.010
2406.85173 16.185 0.016
2414.87136 16.008 0.008
2416.88694 16.224 0.011
2424.74557 16.218 0.011
2428.73079 16.191 0.010
2432.88232 16.159 0.013
2432.88536 16.182 0.021
2434.77032 16.228 0.010
2434.77338 16.222 0.016
2436.81825 16.164 0.010
2436.82132 16.154 0.014
2438.79194 16.011 0.010
2441.75426 16.211 0.010
2441.75730 16.214 0.014
2445.67150 16.227 0.010
2448.69113 16.229 0.011
2454.78171 16.266 0.011
2459.68274 16.042 0.008
2460.70080 16.041 0.010
2463.58203 16.178 0.010
2466.60184 16.203 0.010
2468.72811 16.198 0.010
2470.71188 16.073 0.008
2472.73932 15.990 0.008
2481.59864 16.029 0.011
2484.66194 16.111 0.010
2486.75466 16.077 0.013
2493.68254 15.970 0.008
2496.52854 16.184 0.008
2498.54920 16.003 0.008
2500.59261 16.013 0.008
2502.60623 16.210 0.010
2508.70444 16.239 0.014
2512.65394 16.186 0.010
2517.55534 16.039 0.011
2520.62280 15.956 0.008
2529.48867 16.081 0.010
2529.49178 16.078 0.016
2538.54028 16.001 0.010
2542.56809 16.182 0.010
2548.49662 15.986 0.011
2552.53292 16.132 0.010
2557.49807 16.179 0.010
2564.51948 16.032 0.011
2708.84713 16.100 0.008
2719.85280 16.222 0.011
2729.87488 16.180 0.011
2734.81385 15.987 0.008
2747.73877 16.246 0.016
2753.92379 16.001 0.010
2757.84961 15.975 0.010
2761.89839 16.168 0.010
2767.84536 15.963 0.010
2775.76223 16.018 0.011
2784.60621 16.144 0.010
2786.82421 16.182 0.011
2788.63612 16.228 0.010
2790.74053 16.222 0.010
2793.95112 16.030 0.027
2795.62814 16.131 0.008
2797.64004 16.152 0.010
2802.73244 16.040 0.011
2809.75499 16.165 0.010
2811.68212 16.163 0.011
2812.81147 16.200 0.011
2813.85521 16.019 0.010
2815.83589 16.184 0.010
2816.85684 16.054 0.010
2818.62251 16.201 0.010
2818.62954 16.188 0.016
2819.79084 16.211 0.011
2821.68889 16.102 0.010
2826.79530 16.229 0.013
2835.67431 15.992 0.010
2837.68203 16.229 0.014
2840.73511 16.215 0.011
2843.68641 16.141 0.010
2845.68375 15.979 0.008
2850.57262 15.978 0.008
2852.58038 16.172 0.014
2854.58479 16.143 0.010
2857.49508 15.976 0.010
2858.70741 15.987 0.010
2859.56791 16.053 0.013
2862.65448 15.976 0.010
2866.60398 15.973 0.010
2868.70583 15.985 0.010
2871.62410 16.207 0.010
2877.52602 15.991 0.010
2883.62067 16.039 0.010
2892.54699 16.224 0.011
2895.61257 16.069 0.010
2900.62424 16.110 0.011
2905.62340 16.038 0.011
2909.63272 15.978 0.010
2920.54763 16.013 0.013
2931.54445 16.152 0.010
3052.85445 16.039 0.008
3059.82741 16.030 0.008
3064.84429 16.168 0.013
3068.79809 16.205 0.011
3070.87673 16.141 0.010
3075.87093 16.074 0.010
3080.77516 15.979 0.008
3082.90296 15.996 0.008
3085.83342 16.200 0.008
3086.90684 16.049 0.008
3088.82601 16.220 0.008
3090.73910 16.019 0.008
3096.89429 16.046 0.010
3098.92140 16.021 0.008
3100.90819 16.195 0.008
3101.76622 16.098 0.010
3103.79917 15.996 0.008
3104.85783 16.218 0.021
3106.87112 16.008 0.010
3108.79164 16.199 0.008
3109.85056 15.992 0.008
3110.85693 16.108 0.008
3112.84223 16.048 0.008
3114.80685 16.098 0.008
3116.89493 16.039 0.008
3122.93284 16.028 0.011
3125.89734 16.020 0.010
3127.84155 16.154 0.011
3128.84347 16.223 0.010
3130.72393 16.032 0.008
3131.69041 15.995 0.010
3135.92203 15.996 0.008
3135.93375 15.980 0.008
3138.67632 16.003 0.008
3139.90151 16.023 0.008
3140.90573 16.211 0.010
3140.90862 16.200 0.014
3142.79013 16.187 0.008
3144.81013 16.173 0.008
3146.84343 15.996 0.008
3151.77302 16.153 0.010
3151.93073 16.016 0.010
3152.77862 16.216 0.010
3153.78130 15.990 0.008
3154.84562 16.236 0.013
3156.88634 16.069 0.010
3162.59619 15.990 0.010
3163.77714 15.992 0.008
3164.75939 16.060 0.008
3164.89239 16.199 0.011
3167.61934 16.237 0.013
3168.88112 16.050 0.010
3169.74926 16.214 0.010
3170.83411 16.088 0.008
3171.80536 16.199 0.007
3172.77632 16.207 0.008
3173.87431 16.114 0.008
3175.74188 16.180 0.008
3177.78234 16.046 0.010
3179.52706 15.991 0.008
3179.90633 16.048 0.010
3180.74807 15.994 0.007
3182.80874 16.093 0.008
3183.76370 16.010 0.008
3184.72480 15.997 0.007
3185.72827 16.166 0.008
3193.55969 16.095 0.008
3194.57131 16.261 0.011
3195.70287 16.149 0.008
3195.82343 16.151 0.010
3196.62432 16.172 0.008
3197.54903 16.191 0.008
3197.85248 16.193 0.013
3199.64689 16.142 0.008
3202.54051 16.008 0.008
3203.68559 16.205 0.008
3204.67654 15.976 0.008
3205.53538 16.051 0.008
3206.74075 16.067 0.010
3209.66071 16.193 0.008
3210.66076 16.138 0.008
3211.63122 15.995 0.008
3217.67541 15.985 0.008
3218.67372 16.049 0.010
3219.63754 16.165 0.011
3223.67491 16.229 0.011
3224.72298 16.003 0.008
3226.64595 16.211 0.011
3228.62420 15.968 0.008
3229.65669 16.191 0.008
3230.69016 16.019 0.008
3231.59417 16.043 0.008
3238.64245 15.994 0.010
3240.49463 16.035 0.008
3241.67729 15.999 0.010
3245.59041 15.985 0.010
3246.68416 16.231 0.013
3247.60332 16.222 0.011
3249.55081 16.008 0.008
3250.68180 16.056 0.011
3256.66106 16.229 0.011
3260.57080 16.193 0.010
3265.50123 16.152 0.011
3267.55489 16.223 0.010
3272.61283 16.060 0.008
3279.54377 15.970 0.008
3282.50221 16.038 0.008
3288.56860 16.028 0.008
3293.53922 16.112 0.007
3295.54773 15.997 0.005
3300.53302 16.180 0.011
3315.50001 16.082 0.014
3410.89047 16.235 0.013
3417.86836 16.176 0.008
3422.89470 16.071 0.008
3426.88583 16.203 0.010
3429.87083 16.130 0.008
3442.91365 16.138 0.010
3445.82668 15.976 0.007
3447.87700 16.151 0.008
3449.89395 16.160 0.008
3452.91109 16.141 0.008
3453.78292 16.074 0.010
3455.85355 16.001 0.010
3456.86460 16.167 0.008
3457.78230 16.196 0.010
3458.82588 16.026 0.008
3458.86367 15.987 0.008
3459.80045 15.999 0.008
3467.90322 16.029 0.007
3469.81286 16.023 0.007
3470.85304 16.215 0.008
3472.78424 15.998 0.007
3473.87926 16.237 0.010
3474.85166 16.120 0.008
3475.91547 16.121 0.007
3477.78822 16.212 0.010
3478.90247 16.042 0.007
3480.85445 16.243 0.008
3481.85848 16.002 0.007
3483.79875 16.116 0.008
3496.75262 15.989 0.007
3497.82039 16.241 0.010
3499.74904 15.998 0.007
3500.75362 16.090 0.008
3501.86716 16.009 0.007
3502.69991 16.194 0.008
3503.71277 15.971 0.007
3504.72714 16.178 0.008
3506.81744 16.096 0.008
3508.80929 16.039 0.008
3509.71237 16.027 0.007
3511.69907 16.168 0.010
3512.76804 16.003 0.008
3517.80849 16.244 0.010
3520.84365 16.233 0.010
3521.66282 16.120 0.007
3522.77304 16.001 0.008
3523.80775 16.145 0.008
3524.79538 16.239 0.008
3525.77508 16.011 0.007
3526.86044 16.209 0.010
3528.57901 15.990 0.008
3530.80446 16.208 0.008
3537.77226 16.225 0.008
3538.70172 16.227 0.008
3540.67567 15.972 0.007
3544.75568 16.219 0.010
3546.87664 16.207 0.011
3546.87958 16.247 0.019
3547.83406 16.201 0.011
3547.83699 16.211 0.016
3550.66052 15.973 0.007
3550.66346 15.946 0.010
3551.66481 16.153 0.005
3551.66814 16.110 0.008
3552.69733 16.154 0.008
3552.70026 16.131 0.013
3553.70002 15.977 0.008
3554.69214 16.156 0.010
3555.72629 16.163 0.008
3555.72922 16.133 0.013
3556.74697 15.978 0.008
3556.74989 16.015 0.013
3558.58277 16.029 0.008
3558.86009 15.971 0.008
3559.67864 16.098 0.008
3560.63176 16.010 0.007
3560.76311 16.146 0.013
3560.79227 16.190 0.013
3560.81555 16.230 0.014
3560.84105 16.211 0.014
3561.47648 16.189 0.019
3561.57208 15.979 0.007
3561.75009 16.232 0.013
3561.78009 16.182 0.013
3561.83917 16.003 0.008
3561.84212 16.020 0.011
3562.45994 16.007 0.016
3562.61624 16.205 0.008
3562.78939 15.979 0.011
3562.83906 16.061 0.008
3562.84199 16.061 0.013
3563.47102 16.109 0.014
3563.66566 15.997 0.007
3564.51139 16.182 0.019
3564.55922 16.014 0.008
3565.48809 15.997 0.016
3569.48661 16.013 0.016
3569.52491 16.104 0.016
3569.61795 16.255 0.013
3573.68656 15.984 0.008
3573.68951 15.983 0.013
3573.71353 15.998 0.008
3573.71648 15.980 0.013
3574.71453 16.168 0.008
3574.71748 16.177 0.013
3575.65340 16.218 0.008
3575.79856 15.979 0.008
3576.71583 16.005 0.008
3576.71880 15.985 0.013
3577.76417 16.205 0.010
3577.76713 16.201 0.014
3578.70081 16.222 0.008
3579.64613 16.200 0.008
3580.68267 15.997 0.008
3581.69903 16.203 0.008
3582.62484 16.205 0.008
3583.66144 15.992 0.007
3584.67020 16.088 0.008
3585.66823 16.233 0.008
3586.69964 15.978 0.007
3588.75071 16.150 0.010
3588.75367 16.143 0.013
3589.71203 16.002 0.008
3590.70814 16.048 0.008
3592.68089 16.172 0.008
3597.66957 15.997 0.010
3601.68446 16.195 0.010
3601.68744 16.186 0.016
3602.68462 16.103 0.010
3602.68759 16.141 0.014
3603.66477 15.989 0.008
3603.66774 15.962 0.011
3607.66325 16.031 0.008
3607.66625 16.003 0.013
3608.67925 16.221 0.010
3608.68220 16.233 0.014
3615.60650 16.173 0.008
3615.60950 16.168 0.013
3618.61005 16.121 0.008
3618.61300 16.091 0.013
3620.57326 16.092 0.007
3620.57623 16.066 0.011
3628.57527 16.054 0.008
3628.57827 16.056 0.013
3630.58933 16.030 0.008
3630.59231 16.031 0.014
3632.61681 16.228 0.013
3632.61978 16.227 0.021
3634.52021 16.054 0.008
3634.52316 16.032 0.011
3639.52601 16.152 0.008
3639.53020 16.146 0.011
3641.57274 15.980 0.008
3641.57573 16.001 0.014
3644.53755 16.012 0.008
3644.54054 16.006 0.011
3649.51816 16.146 0.008
3649.52992 16.147 0.013
3651.57903 16.011 0.010
3651.58201 16.013 0.014
3654.56411 15.988 0.011
3654.56708 15.971 0.018
3655.54423 16.058 0.008
3655.54719 16.054 0.013
3657.53740 16.080 0.011
3659.53917 16.204 0.013
3659.54215 16.234 0.019
3662.54369 16.108 0.011
3662.54664 16.139 0.018
3665.51416 16.019 0.010
3665.51715 16.010 0.014
3672.51159 16.043 0.011
3672.51844 16.100 0.019
3777.84895 15.992 0.008
3777.85183 15.999 0.013
3782.88492 16.233 0.008
3782.88781 16.225 0.014
3785.84661 16.124 0.008
3785.84945 16.142 0.013
3787.86173 15.996 0.008
3787.87015 15.979 0.011
3791.83609 15.990 0.008
3791.84453 16.027 0.014
3793.88033 16.018 0.008
3795.86453 16.187 0.011
3796.89703 16.065 0.008
3798.82786 16.030 0.008
3799.87775 16.232 0.010
3801.83701 16.007 0.008
3802.87138 16.218 0.008
3804.78463 16.034 0.008
3804.79308 16.030 0.014
3805.82316 16.084 0.008
3806.81986 16.210 0.010
3807.84408 15.976 0.008
3808.84776 16.078 0.008
3809.90463 16.140 0.008
3810.90068 15.984 0.008
3811.79122 15.987 0.010
3811.79967 15.993 0.014
3812.86872 16.214 0.010
3813.84845 16.085 0.008
3814.84733 15.979 0.007
3818.76496 15.974 0.008
3818.77342 15.969 0.011
3819.82867 16.209 0.008
3820.79264 16.191 0.008
3821.79586 15.974 0.007
3822.83949 16.177 0.008
3823.80044 16.223 0.008
3824.78694 16.026 0.008
3825.82651 16.114 0.008
3826.78622 16.209 0.008
3827.82670 16.018 0.007
3828.80676 16.018 0.008
3829.72541 16.021 0.010
3829.74300 16.066 0.013
3830.76033 16.206 0.008
3832.76643 16.026 0.008
3833.79373 16.216 0.008
3834.76561 16.054 0.008
3835.75433 15.963 0.008
3835.92491 16.213 0.010
3836.71577 16.057 0.010
3836.72425 16.088 0.014
3837.75646 16.191 0.010
3837.76489 16.177 0.014
3838.76440 15.983 0.008
3838.77283 16.005 0.014
3838.88186 16.172 0.008
3838.89023 16.186 0.013
3839.76031 16.109 0.008
3839.76876 16.149 0.014
3840.76345 16.227 0.010
3840.77190 16.199 0.014
3840.93118 16.016 0.010
3841.71869 16.092 0.010
3841.72710 16.059 0.014
3841.86865 16.077 0.008
3841.87704 16.096 0.013
3842.71026 15.996 0.013
3842.71872 15.999 0.018
3845.74020 15.960 0.013
3845.93379 16.202 0.016
3846.75107 16.161 0.008
3846.87975 16.070 0.008
3847.82409 15.992 0.008
3848.77417 15.979 0.008
3848.89288 16.216 0.011
3849.77164 16.153 0.008
3850.71623 16.210 0.010
3850.88974 15.987 0.008
3851.73047 16.053 0.008
3851.73892 16.010 0.011
3851.89523 16.138 0.008
3852.71901 15.991 0.008
3852.83987 16.175 0.008
3852.92452 16.129 0.008
3853.71098 16.151 0.008
3853.87590 16.016 0.007
3856.69761 16.055 0.008
3856.88803 16.054 0.008
3858.73096 16.009 0.008
3858.74528 15.978 0.011
3859.85182 16.218 0.008
3859.86541 16.215 0.014
3860.69225 16.161 0.010
3860.70070 16.203 0.013
3861.68964 16.194 0.010
3861.79378 15.973 0.007
3861.89153 16.133 0.008
3861.90115 16.197 0.013
3862.67150 15.991 0.008
3862.88626 16.220 0.008
3862.89471 16.244 0.016
3863.68434 16.093 0.008
3863.69281 16.097 0.013
3863.82816 16.145 0.008
3863.90427 15.994 0.007
3863.91271 15.982 0.011
3864.70119 16.227 0.008
3864.88732 16.050 0.007
3865.66106 16.072 0.008
3865.79672 16.082 0.008
3865.80519 16.101 0.013
3865.87525 16.201 0.008
3865.88377 16.214 0.013
3866.64256 15.968 0.011
3866.70658 16.086 0.008
3866.84609 16.177 0.008
3866.92891 16.011 0.011
3866.93214 15.999 0.008
3867.65251 16.167 0.010
3867.83737 15.999 0.008
3867.90820 16.043 0.008
3868.65984 16.194 0.011
3868.79985 16.003 0.008
3868.88409 16.185 0.010
3869.61933 16.026 0.014
3869.62655 16.009 0.010
3869.65373 16.002 0.013
3869.82137 16.235 0.010
3869.89382 16.103 0.008
3869.93767 16.017 0.018
3870.69461 16.201 0.026
3870.75441 16.259 0.019
3870.84136 16.017 0.021
3872.74053 15.984 0.013
3872.85179 16.231 0.014
3873.62090 15.956 0.013
3873.69218 16.116 0.008
3873.83239 16.136 0.008
3873.90346 15.981 0.008
3873.91192 16.000 0.013
3874.69513 16.242 0.010
3874.70364 16.242 0.014
3874.86368 16.029 0.008
3874.87212 16.034 0.011
3875.63183 16.179 0.008
3875.64031 16.158 0.013
3875.77911 16.036 0.007
3875.78758 16.045 0.011
3875.85679 16.193 0.008
3875.86628 16.193 0.013
3876.60528 15.982 0.011
3876.65521 15.965 0.007
3876.66370 15.979 0.010
3877.65972 16.187 0.008
3877.80791 16.014 0.007
3877.81641 16.010 0.011
3877.88171 15.993 0.008
3877.89020 16.007 0.013
3877.92864 16.125 0.014
3879.92509 16.042 0.013
3879.93286 16.049 0.014
3880.60132 16.000 0.008
3880.64424 16.101 0.007
3880.86322 15.992 0.007
3880.87173 15.992 0.011
3880.93681 16.027 0.008
3880.94527 16.058 0.018
3881.68350 16.171 0.008
3881.82629 16.016 0.007
3882.59562 16.224 0.010
3882.60408 16.151 0.016
3882.79852 16.149 0.008
3882.80700 16.157 0.013
3882.86871 16.226 0.008
3882.87721 16.231 0.013
3883.66100 16.031 0.008
3883.88829 15.961 0.007
3883.90527 15.966 0.011
3886.62626 15.980 0.008
3886.81579 16.228 0.008
3886.88781 16.008 0.008
3886.89630 15.966 0.013
3886.91386 15.985 0.008
3886.92231 15.994 0.013
3887.59632 16.023 0.008
3887.60479 16.049 0.013
3887.79897 16.003 0.007
3887.82677 15.981 0.007
3887.83528 15.963 0.011
3887.89886 16.034 0.008
3887.90732 16.057 0.013
3888.63562 16.279 0.013
3889.67880 15.977 0.007
3889.68726 15.976 0.011
3889.78328 16.172 0.011
3889.79502 16.191 0.013
3889.83447 16.225 0.013
3889.85231 16.225 0.013
3889.90479 16.073 0.013
3889.93122 16.038 0.013
3890.56007 15.969 0.013
3890.56705 15.975 0.010
3890.57553 15.948 0.013
3890.62499 16.019 0.013
3890.63492 16.042 0.013
3890.66983 16.138 0.014
3891.55443 16.098 0.016
3891.70334 16.119 0.008
3891.81707 15.998 0.011
3891.82035 16.011 0.007
3891.82884 15.992 0.011
3891.86943 16.093 0.014
3891.90202 16.141 0.008
3891.91051 16.184 0.014
3892.55290 16.262 0.018
3892.56387 16.241 0.016
3892.59852 16.222 0.018
3892.61376 16.087 0.010
3892.62222 16.061 0.014
3892.73210 16.007 0.011
3892.82596 16.174 0.013
3892.92709 16.110 0.018
3893.57326 15.980 0.014
3893.64517 16.039 0.008
3893.81755 16.159 0.014
3893.89289 15.987 0.008
3893.90784 15.977 0.014
3894.63321 16.191 0.016
3894.69583 16.219 0.010
3894.70430 16.207 0.016
3894.75656 16.054 0.013
3894.80182 16.015 0.014
3894.84625 16.009 0.014
3894.87896 16.078 0.014
3896.56367 16.063 0.018
3896.60366 16.012 0.016
3896.61875 16.028 0.018
3896.63311 15.983 0.018
3896.63956 15.992 0.008
3896.64806 15.988 0.014
3896.66231 15.989 0.014
3896.67870 16.010 0.016
3896.69024 16.025 0.013
3896.70163 16.056 0.013
3896.71711 16.101 0.014
3896.72874 16.127 0.014
3896.74310 16.175 0.014
3896.76117 16.180 0.014
3896.77836 16.232 0.018
3896.79707 16.246 0.019
3896.82703 16.228 0.019
3900.52541 16.033 0.018
3900.55491 15.964 0.010
3900.56336 15.943 0.014
3900.74127 16.235 0.008
3900.81667 16.043 0.008
3901.56872 16.131 0.010
3901.74353 16.020 0.008
3901.82032 16.020 0.008
3901.89276 16.158 0.011
3901.90127 16.176 0.016
3902.55449 16.246 0.013
3902.58963 16.199 0.008
3902.76702 16.083 0.008
3902.89343 16.195 0.011
3902.90553 16.186 0.018
3903.67852 16.110 0.008
3903.68698 16.130 0.013
3904.57268 16.078 0.008
3904.73592 16.094 0.008
3904.80491 16.005 0.007
3904.85776 16.003 0.008
3905.56959 16.220 0.008
3905.74357 15.994 0.007
3905.81620 16.124 0.007
3905.88476 16.222 0.010
3906.50824 16.233 0.013
3906.51672 16.232 0.018
3906.67808 16.025 0.008
3906.74751 16.174 0.008
3906.82364 16.228 0.010
3907.61470 16.091 0.008
3907.80953 15.997 0.010
3907.88215 16.037 0.010
3907.89063 16.037 0.016
3908.55088 16.174 0.008
3908.74007 15.959 0.007
3908.81663 16.068 0.008
3909.55602 16.171 0.008
3909.75045 16.101 0.007
3909.83235 16.228 0.008
3910.60478 16.004 0.007
3912.55516 16.230 0.008
3912.75106 16.071 0.007
3912.83981 16.220 0.008
3913.55292 15.999 0.007
3913.75513 16.239 0.010
3913.84493 16.032 0.007
3914.57039 16.075 0.008
3914.57888 16.070 0.013
3915.55095 16.214 0.010
3915.55942 16.202 0.014
3915.75423 16.017 0.007
3915.85122 16.195 0.010
3916.59874 16.020 0.008
3916.77140 16.205 0.010
3917.63875 16.145 0.008
3917.85015 15.985 0.013
3917.85341 15.971 0.008
3918.63224 16.218 0.008
3918.64072 16.192 0.016
3918.66393 16.126 0.008
3918.84194 16.143 0.010
3918.85044 16.169 0.014
3919.56708 16.159 0.008
3919.59360 16.056 0.013
3919.81153 16.221 0.008
3920.53670 15.998 0.007
3920.73301 16.232 0.010
3920.74149 16.231 0.014
3920.81175 16.036 0.007
3920.82025 16.012 0.011
3921.52971 16.056 0.008
3921.74022 16.012 0.010
3921.74870 16.003 0.016
3922.73664 16.037 0.008
3922.74516 16.081 0.014
3930.58427 16.014 0.008
3930.80801 16.053 0.011
3931.53532 16.084 0.008
3931.54384 16.099 0.013
3931.65867 16.215 0.010
3931.66726 16.225 0.014
3932.54719 16.212 0.010
3933.53614 16.020 0.007
3933.54466 16.004 0.011
3933.71749 16.175 0.008
3933.72595 16.181 0.011
3933.79304 16.194 0.008
3933.80161 16.181 0.014
3934.50690 15.991 0.008
3934.51543 15.986 0.013
3934.63029 16.177 0.008
3934.70072 16.210 0.008
3934.76978 15.987 0.007
3935.55676 16.223 0.010
3935.72808 15.985 0.008
3935.73656 16.025 0.013
3935.77983 16.087 0.008
3935.78834 16.127 0.013
3936.51036 16.204 0.010
3936.67568 16.047 0.008
3936.68419 16.087 0.013
3936.75318 16.213 0.010
3936.76177 16.238 0.014
3937.57842 16.049 0.008
3938.51788 16.119 0.010
3938.52640 16.129 0.014
3938.71953 15.987 0.008
3938.72799 15.988 0.011
3938.76871 16.015 0.008
3938.77720 16.013 0.013
3940.62087 16.060 0.007
3941.66230 16.213 0.010
3941.67355 16.204 0.014
3944.57437 16.088 0.007
3945.52316 16.180 0.010
3945.53178 16.186 0.014
3945.71128 15.979 0.008
3945.71982 15.992 0.011
3946.53350 16.118 0.010
3946.54205 16.113 0.014
3946.72289 16.163 0.008
3946.73145 16.165 0.013
3950.54158 15.979 0.007
3950.54995 15.952 0.010
3950.76108 16.186 0.010
3950.76944 16.143 0.014
3951.53782 16.077 0.008
3951.54619 16.101 0.014
3956.58419 16.023 0.010
3956.59260 16.018 0.014
3957.52508 15.991 0.008
3958.59787 16.207 0.010
3958.60625 16.254 0.014
3958.63530 16.186 0.016
3959.53779 16.198 0.008
3959.54619 16.183 0.014
3959.70216 16.057 0.010
3959.71058 16.080 0.014
3960.51578 16.007 0.007
3960.52417 15.996 0.011
3960.69569 16.190 0.008
3960.70409 16.227 0.013
3961.52381 16.065 0.014
3961.59086 16.202 0.010
3961.59926 16.203 0.018
3961.66529 16.222 0.019
3963.47744 16.220 0.010
3963.48578 16.188 0.014
3963.65196 16.070 0.008
3963.66035 16.108 0.013
3963.72529 16.233 0.011
3963.73369 16.236 0.016
3964.54714 16.043 0.008
3964.55587 16.051 0.011
3965.53364 16.213 0.008
3965.54519 16.221 0.013
3965.72674 15.974 0.008
3965.73509 16.010 0.011
3966.52870 16.153 0.008
3966.53710 16.089 0.013
3966.71049 16.170 0.010
3966.71957 16.191 0.016
3967.55243 16.026 0.010
3967.56094 16.040 0.014
3968.51520 16.099 0.008
3968.52363 16.142 0.014
3968.68671 16.055 0.008
3968.69513 16.045 0.013
3969.51911 16.212 0.010
3969.52752 16.219 0.014
3969.69769 16.059 0.010
3969.70614 16.060 0.013
3970.53098 16.006 0.008
3970.53933 16.019 0.013
3970.71083 16.208 0.010
3970.71926 16.237 0.014
3971.57075 16.174 0.010
3971.57912 16.188 0.016
3973.59587 15.970 0.008
3973.60427 15.995 0.011
3974.52570 16.013 0.008
3974.53411 16.004 0.013
3975.52820 16.199 0.008
3975.53660 16.230 0.013
3976.52296 16.146 0.008
3976.53135 16.134 0.013
3979.53276 16.220 0.014
3979.54112 16.224 0.019
3982.59993 16.060 0.008
3982.60829 16.058 0.014
3986.59992 15.986 0.008
3986.60833 15.953 0.013
3987.52233 15.970 0.008
3987.53075 15.984 0.013
3988.53516 16.174 0.008
3988.54357 16.203 0.013
3989.59684 16.016 0.008
3989.60525 15.982 0.014
3990.63912 16.130 0.010
3990.64752 16.166 0.014
3994.49185 15.972 0.008
3994.50024 16.004 0.014
3995.58945 16.203 0.008
3995.59785 16.190 0.013
3999.62699 15.966 0.008
3999.63540 15.989 0.013
4000.53406 15.983 0.008
4000.54244 15.973 0.013
4001.52379 16.086 0.008
4001.53220 16.151 0.014
4002.52043 16.234 0.010
4002.52891 16.248 0.014
4004.54342 16.043 0.008
4004.55183 16.102 0.016
4005.54614 16.232 0.010
4005.55453 16.232 0.014
4006.54072 16.044 0.008
4006.54922 16.040 0.011
4012.51649 16.227 0.011
4012.52492 16.250 0.018
4016.55140 16.029 0.011
4016.56681 16.024 0.016
4018.57102 16.228 0.011
4020.56591 16.005 0.010
4021.56336 16.224 0.018
4023.57512 15.993 0.011
4024.51110 16.023 0.014
4026.49821 16.149 0.008
4026.50663 16.167 0.013
4028.51425 16.152 0.010
4028.52265 16.184 0.016
4031.51438 16.062 0.010
4031.52274 16.091 0.014
4038.51955 16.167 0.010
4038.52794 16.218 0.019
4041.51867 16.088 0.011
4041.52708 16.150 0.021
4142.86980 16.023 0.011
4142.87817 16.031 0.018
4151.87498 16.225 0.011
4153.89694 16.052 0.010
4154.83075 16.127 0.016
4156.87546 15.982 0.010
4158.90363 16.133 0.010
4159.81780 16.093 0.016
4161.86299 16.221 0.011
4163.84581 16.000 0.010
4163.88722 16.035 0.014
4165.83578 16.218 0.013
4168.82788 16.207 0.011
4168.84161 16.233 0.018
4170.83219 15.990 0.008
4170.84270 16.017 0.014
4175.86525 16.112 0.010
4177.76755 15.976 0.008
4177.77740 15.955 0.014
4178.82650 16.193 0.010
4179.86637 15.999 0.008
4181.80279 16.133 0.010
4182.85136 16.064 0.008
4183.88386 16.052 0.010
4185.76034 16.188 0.011
4185.76854 16.185 0.016
4185.82386 16.229 0.010
4185.87780 16.066 0.008
4185.91220 15.993 0.008
4186.90824 16.052 0.010
4187.87793 16.169 0.011
4189.80999 16.090 0.011
4189.85255 16.017 0.010
4189.86742 16.005 0.010
4189.88199 15.987 0.010
4189.90292 15.983 0.010
4189.91913 16.002 0.010
4190.74416 16.016 0.011
4190.79893 15.989 0.010
4190.91998 16.175 0.010
4191.77019 16.061 0.010
4191.77910 16.064 0.016
4191.89937 16.207 0.011
4192.78284 16.220 0.011
4192.82117 16.181 0.011
4193.78192 16.012 0.010
4194.80477 16.071 0.010
4196.79478 16.035 0.010
4202.77640 16.215 0.010
4203.76420 16.029 0.008
4204.70721 15.981 0.014
4204.75654 15.997 0.010
4205.70750 16.076 0.016
4205.75476 16.167 0.010
4205.90615 15.986 0.008
4207.74600 15.981 0.010
4208.69995 15.990 0.010
4208.70820 15.989 0.014
4211.81126 16.200 0.010
4211.81953 16.193 0.018
4212.84081 16.046 0.011
4213.74888 16.054 0.010
4213.75714 15.998 0.013
4215.76190 16.203 0.011
4215.77018 16.178 0.016
4216.71975 16.210 0.010
4216.83178 15.979 0.008
4216.93020 16.106 0.011
4216.93326 16.117 0.018
4217.70172 16.025 0.008
4217.72726 15.997 0.008
4217.81207 16.038 0.008
4217.84819 16.125 0.008
4217.88858 16.199 0.008
4217.92214 16.227 0.010
4218.70139 16.017 0.010
4218.77704 16.168 0.011
4218.82986 16.212 0.011
4218.89453 16.062 0.008
4218.92940 15.998 0.010
4219.70803 16.236 0.014
4219.71445 16.202 0.013
4219.71750 16.216 0.013
4219.72410 16.218 0.011
4219.74742 16.225 0.011
4219.76079 16.234 0.011
4219.77191 16.216 0.011
4219.78019 16.190 0.011
4219.78428 16.165 0.011
4219.79551 16.124 0.010
4219.80643 16.075 0.008
4219.82433 16.028 0.010
4219.83864 15.998 0.010
4219.85574 15.963 0.010
4219.86855 15.961 0.010
4219.87965 15.971 0.010
4219.89074 15.977 0.010
4219.90200 16.007 0.011
4219.91305 16.021 0.010
4219.92692 16.046 0.010
4219.93792 16.064 0.018
4220.65396 16.204 0.013
4220.66113 16.231 0.014
4220.67315 16.209 0.011
4220.68409 16.188 0.011
4220.69727 16.147 0.011
4220.70824 16.113 0.010
4220.71951 16.064 0.010
4220.73153 16.052 0.010
4220.74270 16.012 0.010
4220.75698 15.989 0.010
4220.76835 15.979 0.008
4220.77971 15.965 0.008
4220.79096 15.954 0.008
4220.80275 15.960 0.008
4220.81378 15.996 0.010
4220.82486 16.025 0.010
4220.83595 16.034 0.010
4220.84773 16.073 0.010
4220.85877 16.108 0.011
4220.86999 16.139 0.011
4220.88574 16.162 0.011
4220.89684 16.190 0.011
4220.90790 16.197 0.013
4220.91896 16.205 0.013
4220.92794 16.230 0.013
4220.93416 16.247 0.016
4221.64168 16.061 0.013
4221.64997 16.034 0.013
4221.65351 16.031 0.013
4221.65914 16.020 0.011
4221.66739 16.001 0.010
4221.67326 15.980 0.010
4221.67885 15.961 0.010
4221.68461 15.950 0.010
4221.70767 15.954 0.010
4221.71352 15.968 0.010
4221.71843 15.980 0.010
4221.72302 15.975 0.010
4221.72765 15.991 0.010
4221.73225 16.006 0.010
4221.73750 16.007 0.010
4221.74007 16.001 0.010
4221.74494 16.025 0.010
4221.74729 15.994 0.010
4221.75134 16.025 0.010
4221.75537 16.042 0.010
4221.75949 16.063 0.010
4221.76362 16.076 0.010
4221.76772 16.068 0.010
4221.77212 16.095 0.010
4221.77376 16.093 0.010
4221.77549 16.112 0.010
4221.77959 16.114 0.010
4221.79475 16.146 0.011
4221.79647 16.127 0.010
4221.79819 16.160 0.010
4221.80267 16.157 0.010
4221.80433 16.155 0.010
4221.80606 16.139 0.010
4221.81020 16.165 0.010
4221.81186 16.161 0.010
4221.81357 16.193 0.010
4221.81827 16.203 0.010
4221.82044 16.211 0.010
4221.82270 16.200 0.010
4221.82426 16.238 0.010
4221.82586 16.187 0.010
4221.82747 16.202 0.010
4221.82907 16.226 0.010
4221.85409 16.223 0.011
4221.85570 16.225 0.010
4221.85732 16.213 0.011
4221.85884 16.261 0.013
4221.86047 16.220 0.011
4221.86439 16.236 0.011
4221.86600 16.206 0.010
4221.86761 16.226 0.011
4221.86923 16.226 0.011
4221.87459 16.238 0.011
4221.87622 16.237 0.011
4221.87786 16.205 0.010
4221.87947 16.217 0.011
4221.88106 16.233 0.010
4221.88524 16.205 0.010
4221.88710 16.209 0.010
4221.88859 16.223 0.010
4221.89009 16.161 0.011
4221.89164 16.224 0.011
4221.89318 16.221 0.011
4221.89465 16.195 0.011
4221.89843 16.184 0.011
4221.89997 16.177 0.010
4221.90153 16.212 0.011
4221.90307 16.194 0.010
4221.90463 16.130 0.010
4221.90610 16.160 0.011
4221.90984 16.132 0.011
4221.91138 16.107 0.010
4221.91288 16.084 0.010
4221.91443 16.120 0.010
4221.91598 16.074 0.010
4221.91752 16.094 0.010
4221.92143 16.073 0.010
4221.92290 16.038 0.011
4221.92444 16.110 0.010
4221.92598 16.068 0.010
4221.92754 16.060 0.010
4221.92908 16.027 0.010
4221.93301 16.037 0.010
4222.65511 16.035 0.013
4222.65993 16.058 0.013
4222.66874 16.080 0.011
4222.67699 16.081 0.011
4222.69131 16.121 0.011
4222.70313 16.133 0.010
4222.71411 16.176 0.010
4222.73410 16.208 0.011
4222.74825 16.228 0.010
4222.76209 16.226 0.010
4222.77962 16.224 0.011
4222.79913 16.204 0.010
4222.81984 16.144 0.010
4222.83647 16.043 0.008
4222.85407 16.002 0.008
4222.87068 15.995 0.008
4222.88212 15.980 0.008
4222.89350 15.983 0.008
4222.90719 16.002 0.010
4222.91899 16.002 0.008
4222.92788 16.000 0.008
4223.65926 16.219 0.016
4223.66361 16.218 0.011
4223.73998 16.093 0.010
4224.74785 16.008 0.011
4224.80499 16.114 0.011
4224.86990 16.183 0.011
4227.84928 16.106 0.010
4227.90345 16.203 0.011
4227.91344 16.205 0.011
4227.92307 16.234 0.011
4228.64768 15.991 0.010
4228.69737 16.012 0.008
4228.70564 16.000 0.014
4229.69095 16.169 0.011
4229.88787 15.971 0.008
4230.63913 16.216 0.011
4230.64742 16.214 0.016
4230.82714 16.004 0.008
4230.88880 16.164 0.011
4231.66310 16.002 0.010
4231.71416 15.977 0.008
4231.86924 16.225 0.011
4232.64930 16.046 0.010
4232.77587 16.239 0.011
4232.91344 15.984 0.010
4233.84359 16.015 0.010
4234.77387 16.048 0.008
4234.89346 16.222 0.011
4235.68751 16.047 0.008
4235.74499 16.187 0.010
4235.84854 16.111 0.010
4235.91066 16.000 0.010
4237.61402 16.234 0.013
4237.62231 16.235 0.019
4238.68540 16.006 0.010
4238.89487 16.066 0.010
4239.65725 16.137 0.010
4240.69694 16.103 0.010
4240.84770 16.058 0.010
4243.66257 16.206 0.011
4243.75599 16.042 0.010
4243.84886 16.015 0.010
4243.85716 16.012 0.014
4244.63474 16.127 0.011
4244.73115 15.957 0.008
4244.82373 16.162 0.010
4245.62784 15.973 0.008
4245.72214 16.141 0.010
4245.81762 16.226 0.010
4245.86812 16.038 0.010
4246.68656 16.223 0.010
4246.77964 16.024 0.010
4246.78792 15.982 0.014
4246.87230 16.016 0.010
4246.88062 16.045 0.014
4247.70155 16.018 0.008
4250.74961 15.988 0.008
4250.75791 15.977 0.014
4250.93952 16.213 0.010
4251.82120 16.189 0.014
4256.63736 16.156 0.013
4256.78333 16.042 0.011
4257.66895 16.115 0.010
4257.67722 16.063 0.014
4258.65273 15.963 0.010
4258.66056 15.942 0.014
4258.77553 16.195 0.010
4258.78339 16.220 0.016
4258.86817 16.151 0.013
4258.87600 16.102 0.016
4267.61239 16.223 0.011
4267.62024 16.217 0.016
4268.63366 16.001 0.008
4268.85936 16.171 0.011
4268.86721 16.142 0.016
4269.59458 15.989 0.008
4269.74487 16.228 0.011
4269.75273 16.222 0.014
4270.52932 16.060 0.010
4270.53716 16.060 0.016
4272.57582 15.962 0.008
4272.58363 15.951 0.013
4272.72569 16.215 0.010
4272.73353 16.192 0.014
4272.78429 16.193 0.010
4272.79216 16.186 0.016
4272.85568 16.010 0.010
4272.86352 16.006 0.016
4273.63615 16.210 0.011
4273.64401 16.215 0.018
4273.81431 15.991 0.010
4273.82216 16.009 0.014
4273.87552 16.079 0.011
4273.88337 16.119 0.022
4274.56722 16.215 0.013
4274.57508 16.249 0.019
4274.72015 15.994 0.010
4274.72801 16.000 0.014
4274.78106 16.095 0.008
4274.78892 16.113 0.014
4274.84058 16.178 0.010
4274.86216 16.219 0.019
4275.61878 15.967 0.008
4275.62664 15.960 0.014
4275.79404 16.223 0.011
4275.80189 16.242 0.021
4275.85516 16.070 0.013
4275.86301 16.066 0.019
4276.60350 16.103 0.011
4276.61136 16.118 0.018
4277.54723 16.186 0.013
4277.55508 16.203 0.019
4277.72432 15.991 0.010
4277.73216 15.970 0.014
4277.78293 16.003 0.011
4277.79080 16.044 0.018
4278.59217 16.024 0.011
4278.76850 16.185 0.013
4278.78650 16.226 0.022
4283.52974 15.996 0.010
4284.52155 16.178 0.011
4284.67113 15.991 0.010
4284.73127 15.999 0.008
4284.79333 16.142 0.011
4284.85828 16.214 0.013
4285.52473 16.191 0.011
4285.71828 16.166 0.011
4285.77951 16.230 0.011
4285.84474 16.071 0.010
4286.52445 15.946 0.010
4286.83266 15.992 0.011
4289.53536 15.956 0.010
4289.75427 16.193 0.011
4289.76212 16.170 0.016
4289.81909 15.998 0.010
4289.82694 15.995 0.013
4290.58164 16.182 0.011
4290.58950 16.199 0.018
4291.60129 16.063 0.010
4292.50687 16.075 0.010
4292.68590 16.153 0.010
4292.69377 16.156 0.014
4292.74470 16.216 0.010
4292.75257 16.229 0.014
4292.80771 16.119 0.010
4292.81556 16.082 0.016
4293.50767 15.988 0.008
4293.69180 16.202 0.010
4293.69968 16.167 0.014
4293.75057 16.005 0.008
4293.75844 15.997 0.013
4293.79083 15.981 0.008
4293.79869 15.971 0.014
4293.82834 15.994 0.008
4293.83620 16.033 0.018
4294.50627 16.148 0.010
4295.51643 16.170 0.010
4295.52430 16.133 0.016
4295.71152 16.149 0.008
4295.71940 16.157 0.014
4295.77010 16.222 0.010
4295.77800 16.234 0.016
4295.83193 16.126 0.011
4296.51049 15.990 0.010
4296.51840 15.961 0.014
4296.71623 16.210 0.010
4296.72411 16.200 0.016
4297.53031 16.150 0.010
4297.73488 15.981 0.008
4297.74276 15.992 0.013
4298.56479 16.114 0.010
4298.57267 16.069 0.016
4298.67643 16.001 0.008
4298.68429 16.009 0.013
4298.81383 16.197 0.013
4298.82171 16.203 0.019
4299.55188 15.955 0.008
4299.64178 16.127 0.008
4299.73307 16.221 0.010
4299.74096 16.219 0.014
4300.54853 16.141 0.010
4300.55641 16.122 0.014
4300.66371 16.193 0.010
4300.67155 16.158 0.014
4300.77881 15.971 0.008
4300.81656 16.041 0.016
4301.53464 16.235 0.010
4301.63089 16.008 0.008
4301.73306 16.047 0.008
4301.74096 16.055 0.013
4302.60764 16.014 0.010
4302.61552 16.017 0.014
4302.77273 16.217 0.010
4302.78060 16.209 0.019
4303.69420 16.171 0.011
4303.70210 16.150 0.016
4304.57252 16.247 0.013
4304.70195 15.987 0.011
4306.57825 16.041 0.010
4306.58614 16.073 0.018
4306.71476 16.199 0.011
4306.72266 16.197 0.019
4310.63187 16.235 0.013
4310.63975 16.215 0.022
4312.51947 16.046 0.011
4312.52734 16.024 0.018
4312.76232 16.203 0.010
4312.77021 16.209 0.016
4314.77690 16.068 0.011
4314.78479 16.112 0.019
4315.55091 16.003 0.010
4315.55882 15.998 0.014
4316.58046 16.051 0.008
4316.58908 16.076 0.014
4317.50310 16.094 0.010
4317.51098 16.112 0.014
4319.53814 15.972 0.010
4319.54606 15.953 0.013
4319.68410 16.207 0.011
4319.69202 16.246 0.019
4320.60548 16.222 0.011
4320.61337 16.245 0.016
4326.52679 15.991 0.008
4326.56280 16.040 0.013
4326.73105 16.130 0.011
4326.73894 16.116 0.018
4327.60606 16.232 0.011
4327.61443 16.222 0.018
4327.74448 15.954 0.011
4328.47123 16.198 0.013
4328.47958 16.211 0.018
4328.71085 16.084 0.010
4328.71924 16.137 0.018
4329.54174 16.000 0.010
4329.54960 15.959 0.018
4329.68975 16.219 0.011
4329.69763 16.242 0.019
4330.47155 15.972 0.010
4330.47991 15.979 0.013
4330.70884 16.021 0.010
4330.71720 16.014 0.014
4331.51369 16.214 0.010
4331.52206 16.216 0.014
4332.52367 16.037 0.008
4332.53206 16.002 0.013
4332.72887 16.239 0.013
4333.54868 16.073 0.010
4333.55706 16.091 0.018
4334.52140 16.198 0.014
4334.52979 16.188 0.016
4338.51816 16.239 0.013
4338.52719 16.196 0.018
4338.69671 16.069 0.013
4338.70508 16.111 0.019
4339.51497 15.984 0.010
4339.52332 15.970 0.014
4340.63515 16.213 0.010
4340.64350 16.199 0.016
4341.51922 16.242 0.013
4341.52757 16.258 0.019
4342.55124 15.984 0.010
4342.55961 15.963 0.014
4343.53513 16.051 0.008
4343.54347 16.054 0.013
4344.56467 16.230 0.011
4344.57304 16.230 0.018
4345.52678 16.080 0.008
4345.53514 16.037 0.013
4346.53638 16.004 0.010
4346.54474 16.007 0.014
4347.55073 16.208 0.011
4347.55908 16.223 0.016
4349.51645 16.001 0.010
4350.56985 16.196 0.010
4350.57824 16.189 0.014
4351.52157 16.236 0.010
4351.52995 16.239 0.016
4352.57793 15.982 0.010
4352.58627 16.018 0.018
4353.53189 16.044 0.008
4353.54355 16.074 0.010
4353.54961 16.079 0.016
4354.56063 16.226 0.011
4354.56899 16.221 0.016
4355.56844 15.990 0.010
4355.57683 15.987 0.014
4356.52567 15.975 0.008
4356.53402 16.002 0.014
4357.49703 16.097 0.011
4357.50542 16.127 0.016
4358.54046 16.140 0.010
4358.54884 16.109 0.014
4359.50938 15.982 0.010
4359.51780 15.978 0.016
4360.58130 16.210 0.011
4361.52276 16.257 0.014
4361.53114 16.267 0.022
4362.53977 15.992 0.010
4362.54852 15.984 0.018
4365.57839 15.982 0.011
4365.58677 15.973 0.016
4367.53121 16.181 0.011
4367.54018 16.188 0.016
4368.49849 16.239 0.013
4368.51313 16.227 0.019
4369.58392 16.032 0.011
4369.59229 16.043 0.019
4370.51111 16.070 0.010
4370.51949 16.086 0.014
4371.47895 16.187 0.013
4371.49457 16.234 0.016
4372.53537 15.982 0.008
4372.54370 15.950 0.013
4373.52638 16.062 0.010
4373.53475 16.071 0.018
4377.49963 16.129 0.010
4377.50799 16.141 0.014
4378.53395 16.146 0.010
4378.54234 16.092 0.014
4379.55200 15.984 0.011
4379.56433 15.999 0.019
4380.49143 16.037 0.010
4380.49981 16.044 0.014
4381.53909 16.234 0.013
4382.49765 16.066 0.011
4382.53397 15.984 0.016
4383.52979 16.075 0.011
4383.53817 16.077 0.016
4384.50422 16.199 0.013
4384.51258 16.242 0.021
4388.56043 16.048 0.011
4388.58362 16.022 0.018
4393.54629 16.092 0.010
4393.55465 16.126 0.016
4394.51941 16.200 0.011
4394.52785 16.229 0.016
4395.55563 16.001 0.011
4395.56402 15.980 0.016
4396.52545 16.002 0.011
4396.53381 16.018 0.019
4397.54919 16.195 0.013
4397.55750 16.232 0.022
4398.55446 16.028 0.011
4398.56284 16.015 0.016
4399.50444 15.986 0.011
4399.51278 15.996 0.018
4400.54888 16.179 0.014
4400.55725 16.194 0.024
4403.50277 16.009 0.011
4403.51114 16.030 0.018
4409.52023 15.993 0.011
4409.52856 15.971 0.018
4507.87900 16.192 0.011
4511.84578 16.081 0.008
4511.85403 16.042 0.013
4511.86559 16.020 0.008
4513.87693 16.216 0.008
4517.87608 16.203 0.013
4519.89734 16.155 0.010
4521.81540 16.193 0.011
4523.88784 16.223 0.011
4525.83174 15.977 0.011
4530.89735 16.207 0.008
4531.83492 16.109 0.008
4534.84470 16.197 0.010
4536.79328 16.014 0.011
4536.80154 16.026 0.016
4537.85341 16.213 0.008
4538.88583 15.988 0.008
4538.89408 15.970 0.013
4539.87191 16.118 0.010
4539.88018 16.135 0.014
4540.81582 16.186 0.008
4541.80836 16.212 0.008
4542.80315 15.986 0.008
4543.79867 16.097 0.008
4544.79561 16.237 0.010
4545.75977 16.165 0.011
4546.76636 15.985 0.010
4547.74108 16.091 0.010
4547.74937 16.122 0.016
4548.83344 16.016 0.008
4548.88432 15.993 0.011
4550.76350 16.095 0.011
4550.78317 16.125 0.010
4550.86799 16.225 0.010
4551.72650 16.205 0.011
4551.78007 16.241 0.010
4552.72984 16.156 0.016
4552.74205 16.128 0.024
4556.77316 15.981 0.008
4557.79434 16.216 0.010
4558.72397 16.220 0.010
4558.73225 16.219 0.014
4559.76482 15.988 0.008
4560.76522 16.085 0.008
4561.75453 16.211 0.008
4564.74480 16.171 0.010
4565.74282 16.191 0.008
4566.74230 15.985 0.008
4567.74225 16.105 0.008
4568.74486 16.229 0.008
4569.75940 15.982 0.008
4570.74741 16.048 0.010
4571.73903 16.214 0.011
4572.76592 16.015 0.008
4573.75407 16.013 0.008
4574.75665 16.208 0.010
4575.76547 16.095 0.010
4576.77846 16.015 0.008
4576.90175 16.221 0.010
4577.85365 16.227 0.010
4577.90965 16.037 0.010
4577.91795 16.010 0.013
4578.80801 16.047 0.010
4579.88181 16.147 0.011
4579.89009 16.182 0.018
4583.74862 16.004 0.008
4585.77575 16.092 0.010
4586.75507 15.978 0.008
4586.76338 15.986 0.018
4587.78866 16.189 0.010
4588.66379 16.145 0.010
4588.89633 15.990 0.008
4588.90459 16.009 0.011
4589.71021 16.081 0.008
4589.86557 16.147 0.010
4589.92745 16.244 0.010
4589.93573 16.257 0.021
4590.71903 16.012 0.008
4590.92101 16.059 0.008
4590.92927 16.056 0.014
4591.66021 16.078 0.008
4591.87151 16.000 0.008
4591.87977 15.971 0.013
4591.93350 16.000 0.010
4592.68040 16.216 0.010
4592.86967 16.063 0.010
4593.66958 16.027 0.008
4593.87937 16.236 0.010
4593.91924 16.218 0.010
4594.69076 16.078 0.008
4594.88564 16.011 0.008
4595.68337 16.219 0.010
4595.87462 16.013 0.008
4595.93915 16.136 0.013
4596.67523 16.090 0.010
4596.93307 16.216 0.010
4597.69982 16.033 0.008
4597.89142 16.062 0.008
4597.89972 16.041 0.013
4598.67603 16.177 0.008
4599.64857 16.242 0.010
4599.93373 16.238 0.011
4600.66092 15.988 0.008
4600.86959 16.241 0.010
4601.66345 16.086 0.008
4601.87967 15.983 0.008
4602.65603 16.220 0.008
4602.87193 16.085 0.008
4603.86736 16.211 0.011
4606.66379 16.117 0.008
4606.91557 16.238 0.010
4606.92731 16.238 0.016
4610.75709 16.086 0.008
4611.64266 16.050 0.010
4611.79144 16.194 0.010
4612.66417 16.237 0.011
4615.80649 15.993 0.010
4615.81477 15.966 0.013
4616.61815 16.222 0.010
4616.83443 16.153 0.010
4617.69205 16.023 0.008
4617.72735 16.083 0.013
4618.62675 16.066 0.008
4622.64030 16.222 0.010
4622.82516 15.992 0.010
4623.68691 15.999 0.008
4623.88451 16.239 0.014
4624.60543 15.968 0.010
4624.82837 16.170 0.010
4624.89744 15.979 0.010
4625.61874 16.140 0.010
4625.83815 15.974 0.010
4625.84646 15.988 0.014
4625.92672 16.138 0.011
4625.93501 16.171 0.019
4626.63943 16.190 0.011
4626.90759 16.229 0.011
4627.57741 16.065 0.008
4627.86682 16.134 0.008
4628.58432 16.002 0.008
4628.77410 16.161 0.010
4628.83641 15.963 0.010
4628.91062 16.059 0.010
4629.64717 16.225 0.010
4629.85485 16.130 0.010
4630.58224 16.167 0.010
4630.79801 16.187 0.010
4630.86752 16.216 0.010
4630.87585 16.205 0.014
4631.60774 15.980 0.008
4631.80643 16.112 0.008
4631.81475 16.079 0.013
4631.88179 15.999 0.008
4631.89012 15.993 0.016
4632.58688 16.140 0.008
4632.88482 16.122 0.018
4633.58392 16.226 0.010
4633.69488 15.956 0.008
4633.81989 16.169 0.010
4638.76835 16.162 0.010
4638.77665 16.128 0.016
4638.87909 15.981 0.011
4639.59194 16.188 0.010
4639.68953 16.091 0.010
4640.61014 16.047 0.008
4640.61843 16.014 0.016
4640.74199 16.058 0.008
4640.75034 16.078 0.013
4640.76506 16.116 0.013
4641.68567 16.151 0.010
4641.79775 16.154 0.010
4641.80609 16.138 0.016
4642.60816 16.163 0.010
4642.77030 15.963 0.008
4642.84947 16.068 0.010
4643.56739 16.231 0.011
4644.61588 15.976 0.008
4644.62419 15.958 0.013
4644.88546 16.019 0.010
4645.54626 15.989 0.010
4645.79397 15.991 0.010
4645.85945 16.022 0.010
4646.54127 16.163 0.008
4646.86701 16.188 0.010
4647.53758 16.237 0.011
4647.75380 16.181 0.011
4647.77799 16.190 0.010
4648.53465 15.996 0.010
4648.78854 16.060 0.010
4648.86317 15.979 0.010
4649.54489 16.122 0.010
4649.77122 15.983 0.008
4650.54604 16.231 0.010
4650.80915 16.197 0.010
4651.52947 16.025 0.010
4652.52092 16.011 0.010
4652.73514 16.058 0.008
4652.85892 16.055 0.011
4653.51660 16.182 0.011
4653.52490 16.217 0.019
4653.73581 15.992 0.008
4653.74413 16.022 0.013
4654.55569 16.052 0.010
4654.77025 16.226 0.011
4655.51643 15.990 0.010
4655.74101 16.128 0.010
4655.74934 16.065 0.013
4656.51836 16.127 0.010
4656.70825 15.978 0.008
4656.82751 16.151 0.011
4656.83588 16.176 0.021
4657.74677 16.186 0.013
4657.75510 16.202 0.018
4658.67697 16.205 0.011
4658.68532 16.244 0.019
4660.62926 15.995 0.010
4660.63758 15.958 0.013
4661.50644 16.087 0.010
4661.70714 16.210 0.013
4661.71547 16.202 0.019
4661.77414 16.196 0.011
4665.67404 16.213 0.011
4665.68241 16.227 0.018
4666.57939 16.214 0.010
4666.68033 16.044 0.010
4666.72258 15.972 0.010
4666.73091 15.959 0.014
4666.79491 16.087 0.011
4666.80325 16.076 0.019
4667.51324 16.214 0.013
4670.54967 16.243 0.011
4671.59953 15.979 0.008
4671.77166 16.206 0.011
4671.78000 16.174 0.018
4672.52540 16.012 0.008
4672.67558 16.231 0.010
4672.68393 16.195 0.014
4672.76077 15.996 0.010
4674.53121 16.103 0.010
4674.72137 16.176 0.010
4675.77055 16.021 0.010
4677.50477 16.224 0.010
4677.51312 16.191 0.016
4677.58870 16.022 0.008
4677.74426 16.164 0.011
4677.75264 16.161 0.016
4679.64358 16.215 0.010
4679.65189 16.210 0.018
4681.54615 16.012 0.010
4681.64618 16.093 0.010
4681.65453 16.109 0.014
4681.73644 16.231 0.010
4681.74478 16.221 0.016
4682.57075 16.124 0.010
4682.67447 16.245 0.010
4682.68282 16.214 0.014
4682.76962 15.982 0.008
4683.53582 16.219 0.011
4683.72443 16.014 0.010
4683.73277 16.034 0.014
4684.52837 16.092 0.008
4684.53674 16.049 0.013
4684.69979 16.160 0.010
4684.70812 16.183 0.014
4685.47100 16.034 0.013
4685.74853 16.044 0.010
4685.75684 16.037 0.016
4686.51713 16.143 0.010
4687.52043 16.235 0.011
4687.52881 16.237 0.018
4687.75638 16.199 0.010
4687.76471 16.223 0.016
4688.51376 15.991 0.008
4688.52213 15.949 0.014
4688.70349 16.215 0.010
4688.71182 16.225 0.016
4693.56145 16.204 0.011
4693.56977 16.198 0.016
4694.62257 15.969 0.011
4694.63094 16.004 0.018
4697.51720 16.218 0.010
4698.52262 15.969 0.008
4699.52083 16.087 0.008
4699.52915 16.122 0.014
4700.52523 16.235 0.010
4700.53358 16.217 0.014
4701.52048 16.012 0.010
4701.52884 15.996 0.014
4702.53671 16.053 0.008
4702.54509 16.071 0.014
4703.60420 16.110 0.010
4703.61255 16.112 0.016
4704.65957 16.060 0.010
4704.66792 16.065 0.014
4705.56735 16.062 0.010
4705.59618 16.131 0.016
4707.61603 15.965 0.008
4707.62439 15.951 0.013
4708.56789 15.984 0.010
4708.57629 16.008 0.013
4709.53200 16.128 0.011
4709.54037 16.150 0.019
4710.57272 16.133 0.010
4710.58112 16.113 0.013
4715.60703 16.176 0.011
4715.61538 16.176 0.018
4716.48861 16.124 0.013
4716.60465 16.215 0.013
4716.61303 16.217 0.018
4720.52242 16.219 0.011
4720.53078 16.231 0.018
4720.54486 16.236 0.019
4721.52266 16.025 0.011
4721.53106 16.028 0.018
4722.48816 15.990 0.011
4722.49685 15.975 0.016
4724.52520 16.070 0.010
4725.50386 15.984 0.010
4725.51226 15.982 0.014
4726.48404 16.108 0.013
4726.50837 16.186 0.019
4728.61773 16.117 0.011
4728.62610 16.113 0.018
4729.48545 16.036 0.010
4729.49380 16.074 0.016
4729.52906 16.170 0.019
4729.61307 16.239 0.018
4730.48684 16.191 0.010
4730.49523 16.190 0.016
4731.59378 15.992 0.010
4733.54226 16.227 0.010
4733.55064 16.235 0.016
4734.57159 15.980 0.010
4734.57997 15.957 0.014
4737.56860 15.999 0.016
4740.57312 16.068 0.011
4740.58147 16.072 0.016
4753.56415 16.226 0.013
4753.57249 16.214 0.019
4758.52988 15.967 0.008
4758.53825 15.984 0.014
4776.52464 16.219 0.022
4778.52991 16.023 0.018
4869.86582 16.222 0.010
4869.87405 16.224 0.018
4872.85819 16.173 0.013
4872.86644 16.194 0.019
4873.87995 16.058 0.008
4873.88825 16.041 0.016
4875.87980 16.161 0.010
4878.85390 16.054 0.010
4878.86216 16.076 0.014
4884.87058 15.978 0.008
4887.84299 15.989 0.008
4887.85122 15.971 0.013
4890.89848 15.991 0.008
4891.80751 16.001 0.014
4896.89018 16.131 0.010
4899.85794 16.236 0.010
4901.78752 15.972 0.010
4901.79581 15.981 0.014
4903.78321 16.205 0.010
4903.79150 16.199 0.014
4905.83153 16.109 0.010
4910.82950 16.107 0.010
4911.86644 16.037 0.008
4913.88003 16.011 0.008
4916.92097 16.016 0.010
4917.73483 16.238 0.014
4921.72882 16.145 0.010
4921.73663 16.083 0.014
4921.75318 16.041 0.013
4924.92455 16.111 0.013
4925.72342 15.989 0.011
4925.83193 16.098 0.008
4926.70878 16.014 0.008
4926.71657 16.047 0.014
4927.73179 16.225 0.010
4927.73958 16.245 0.018
4927.88646 16.000 0.010
4928.78022 15.996 0.008
4929.72687 16.009 0.010
4929.73467 16.033 0.014
4930.71886 16.206 0.010
4930.72666 16.197 0.016
4930.86671 16.008 0.010
4931.76301 16.012 0.010
4932.69714 15.971 0.008
4932.70492 15.964 0.013
4932.89595 16.217 0.010
4933.71299 16.114 0.010
4933.72080 16.135 0.018
4933.73961 16.160 0.019
4933.89071 16.006 0.010
4934.81166 15.984 0.010
4938.71258 16.070 0.008
4939.67341 15.979 0.008
4939.68121 15.975 0.014
4940.67339 16.109 0.010
4940.68120 16.135 0.014
4940.85107 16.035 0.010
4941.86749 16.084 0.010
4942.68989 15.989 0.008
4942.69767 15.991 0.013
4942.76186 16.024 0.008
4943.70220 16.102 0.008
4943.85907 16.071 0.008
4944.71364 16.219 0.010
4944.86825 16.016 0.008
4945.65882 16.152 0.010
4945.66662 16.105 0.016
4946.68144 15.995 0.008
4947.67227 16.150 0.008
4948.65189 16.252 0.011
4948.65971 16.232 0.014
4949.83215 16.211 0.008
4950.64266 16.025 0.008
4950.65045 16.051 0.013
4951.80633 15.957 0.008
4952.66233 16.030 0.008
4953.67574 16.058 0.008
4954.65441 16.193 0.010
4954.72054 16.205 0.010
4955.65517 16.139 0.010
4955.66299 16.093 0.014
4955.82356 16.103 0.010
